pm10_modal.txt
NCOLS 541
NROWS 200
XLLCORNER 12.09692
YLLCORNER 48.55814
CELLSIZE 0.0125
NODATA_VALUE -9999
[rows 126 to 146 of 200, columns 141 to 187 of 541]
21.6779467669247 21.7972979915859 21.9203646829851 22.0469148241292 22.1767118380267 22.3095149421328 22.4450795041745 22.5831574081584 22.723497439732 22.8658457000245 23.0099460565167 23.1555406383139 23.302370381391 23.4501756269902 23.5986967734943 23.7476749789361 23.8968529080781 24.0459755149147 24.1947908487535 24.3430804717933 24.490676490348 24.6372058926456 24.7824347338056 24.9261376679743 25.0680969384665 25.2081029278669 25.3459546161465 25.4814599378597 25.6143984280221 25.7453470976644 25.8777131013009 26.0084926146318 26.1367194752886 26.262256323079 26.3849734253872 26.5047480932268 26.6214639774754 26.7350102408771 26.8452805983941 26.952172214356 27.0555844393735 27.1555410492526 27.2522804606423 27.3457359418082 27.435817795814 27.522428284977 27.6054584205308
21.4679043590635 21.5891893039105 21.7142906134532 21.8429710830792 21.9749884951258 22.1100960300182 22.2480426907784 22.3885737481711 22.5314312137807 22.6763543479832 22.8230802090057 22.9713442480402 23.1208809536815 23.2714245468406 23.4227097248278 23.5744724506295 23.7264507806773 23.8783857217873 24.0300221056058 24.1811094669707 24.3314136034802 24.4807626125213 24.6288179000672 24.775353338234 24.920153491492 25.0630121312445 25.2037327224074 25.3421288035323 25.4780222868677 25.6125934349424 25.748606858334 25.8828424053504 26.0145998186044 26.1437546063905 26.2701910952474 26.3938018632956 26.5144870640717 26.6321536405963 26.7467144268373 26.8581777802232 26.9667959787542 27.0725403492324 27.1753550431974 27.2751833100505 27.3719655024135 27.4656367307597 27.556124060931
21.2521051887845 21.3757157393499 21.5032375770158 21.6344276293395 21.7690373801475 21.9068133242821 22.0474974463096 22.1908277296093 22.3365387020952 22.484362024314 22.6340271247611 22.7852618859579 22.9377933831369 23.0913486753248 23.2456556462796 23.4004438902152 23.5554456346665 23.7103966903512 23.8650374156111 24.0191136810975 24.1723778189294 24.3245900046883 24.4755588517159 24.6249919514508 24.7726713042236 24.9183933884241 25.0619656134197 25.2032067246733 25.3419470850885 25.4800028697063 25.6194265415702 25.7569380072124 25.8920170771761 26.0245523640373 26.1544425367795 26.2815957509973 26.4059289811603 26.5274532835217 26.6464091506786 26.7627797220084 26.8765280976922 26.9876214078004 27.0960295380381 27.2017237104994 27.3046748785352 27.4048518761984 27.5022143763828
21.0303921980421 21.1570419324353 21.2875077142266 21.421592729203 21.5591674939207 21.6999771626742 21.8437559314088 21.9902336917359 22.1391366370217 22.2901879195013 22.4431083627666 22.5976172325743 22.7534330671223 22.9102745657899 23.0678615329004 23.225915870422 23.3841626108021 23.5423309784634 23.7001554660209 23.8573769091544 24.0137435424322 24.1690120173332 24.322948363361 24.4753283679651 24.6259110387984 24.7744910806908 24.9208792233307 25.0648989445781 25.2063867610885 25.3476857703405 25.4902775443169 25.6308538753667 25.7690120180649 25.9046537670811 26.0376922130681 26.1681584626953 26.2962581442541 26.4219651010658 26.5452498792072 26.6660904980159 26.7844714838635 26.9003828554166 27.0138190566257 27.1247778267237 27.2332589872926 27.3392631139649 27.4427493996385
20.8026402372708 20.9327997900439 21.0668653179198 21.2045833535978 21.3456940610877 21.4899409569188 21.6371726844218 21.7871477544829 21.9395830619497 22.0941922175999 22.2506863299132 22.4087748555761 22.5681665198877 22.728570305844 22.8896965079401 23.0512578437321 23.2129706130629 23.3745558917301 23.5357407434226 23.6962594311615 23.8558546074166 24.014278460705 24.1712937959308 24.3266750260991 24.4801850835024 24.6316021073926 24.7807527478072 24.9274646937811 25.0715811840143 25.2158157714589 25.3613234462638 25.5047239073482 25.6456864175682 25.7842884588599 25.9206585949806 26.0547551869713 26.1865474128549 26.3160146658306 26.4431456473446 26.5679374324281 26.6903945213758 26.8105278891452 26.9283540405589 27.043894075416 27.1571727628155 27.2682176180163 27.3769373528178
20.5692579457077 20.7032937908224 20.8413220847623 20.9830811046129 21.1283022588762 21.2767106403661 21.4280256272732 21.5819615402251 21.7382749926744 21.8967739162096 22.0571622662241 22.219138366267 22.3823997058118 22.5466440328308 22.7115705258383 22.8768810378403 23.0422814007784 23.2074827751444 23.3722030256587 23.5361681005051 23.6991133888167 23.8607850291705 24.02094114095 24.179352950739 24.3358057874853 24.4900765792391 24.6419194614036 24.7912181307614 24.9378274667625 25.0846373773881 25.2328008842131 25.3790122091797 25.5230683228478 25.664915845226 25.8045151340426 25.9418394105872 26.076873806717 26.2096143577381 26.3400669650316 26.4682463507191 26.594175024519 26.7178822804141 26.8394032380149 26.9587779406739 27.0760505196361 27.1912684308423 27.3042250863405
20.3306974771796 20.4689713269141 20.6113214621331 20.7574771129806 20.9071601055266 21.0600854145784 21.2159617707135 21.3744923313641 21.5353754257147 21.6983053825978 21.8629737216123 22.0291480195654 22.1965757815088 22.3649418373889 22.5339324560786 22.7032367368985 22.8725480811679 23.0415657261046 23.2099963183345 23.3775554995756 23.5439694730872 23.7089765165625 23.8723284056117 24.0337917120737 24.1931489432472 24.3501994917646 24.5047540957082 24.656528306844 24.8055482735616 24.954971378037 25.1060913841192 25.2553256826199 25.4023237235093 25.5470454112722 25.6894654559416 25.8295722668294 25.9673667625146 26.1028611281349 26.2360775491739 26.3670469481254 26.495807746894 26.6224046738047 26.74688762983 26.869310624243 26.9897307854178 27.1082071639899 27.2243396627542
20.087451394674 20.2303193824287 20.377345656506 20.5282496300727 20.6827427386182 20.8405289775559 21.0013054982478 21.1647632751165 21.3305878567592 21.4984602136445 21.6680576939355 21.8390550971319 22.0111258724654 22.1839449797997 22.3572674670163 22.5308138647682 22.7042629187051 22.8772996485755 23.0496171618861 23.2209184951727 23.3909184433342 23.5593453329818 23.7259426931083 23.8904707759802 24.0527078832723 24.2124688955721 24.3697637600832 24.5244967787598 24.6764418950329 24.8285045716195 24.9822470567869 25.1341828278714 25.2837628063882 25.4309608576842 25.5757666635822 25.7181842917714 25.8582306726154 25.9959340212268 26.1313322387502 26.2644713215445 26.3954038006595 26.5241872269278 26.6508827092436 26.7755535051268 26.8982636531768 27.0190347984939 27.1373048252907
19.8400497907971 19.9878615783053 20.1399125805374 20.2959116703321 20.4555591350242 20.6185471795785 20.7845604897583 20.9532768716994 21.1243679850408 21.2975001869062 21.4723355033389 21.6485327430987 21.8257487658529 22.0036399125841 22.181863600431 22.3600800771693 22.5379543495601 22.715217545463 22.8916022196619 23.0667961209562 23.2405000332237 23.4124298847051 23.5823215402677 23.7500723024353 23.9155480386975 24.0785591248916 24.2389388601188 24.3965440013195 24.5512560712971 24.7057579528768 24.8617079511433 25.0159729342635 25.1677504024324 25.3170024361694 25.463734930344 25.6079687166483 25.7497376027148 25.8890863562708 26.0260686734055 26.1607451610907 26.2931813538019 26.4234457727033 26.5516080234256 26.6777369146722 26.8018985640628 26.923990113225 27.0434257060268
19.5890576697668 19.7421554260722 19.8995729390419 20.0610078955421 20.2261487665637 20.394675251373 20.566258779643 20.7405630924912 20.9172449249639 21.0959548134554 21.2763380515808 21.4580358168378 21.640686487711 21.8239271663787 22.0073954156852 22.1907312103968 22.3735790920569 22.5555905042705 22.7364262715598 22.9157613526 23.0934268844856 23.2692826827959 23.4430713669006 23.6145498385784 23.7834986780758 23.949723645536 24.1130567464186 24.2733568165643 24.4305096039086 24.5869641557015 24.7449343929383 24.9011328923636 25.054698868576 25.2055584751431 25.353735911527 25.4992707466686 25.6422154074338 25.7826326219325 25.9205928634366 26.0561718267178 26.1894479533041 26.320500005833 26.4494046743604 26.5762341787636 26.7010538102993 26.8235359229954 26.943244171731
19.3350727091295 19.4937898975646 19.6569075478474 19.8241116307325 19.9950782694212 20.1694740940986 20.3469566472406 20.5271748658935 20.7097696699457 20.8943746876551 21.0806171510007 21.2681189933767 21.4564981802596 21.6453702992157 21.8343504285294 22.0230552934284 22.2111179054156 22.3982916243176 22.5842579029013 22.7686809816261 22.9512413419106 23.131638807563 23.3095955105441 23.4848586013294 23.657234814 23.8265782232912 23.9927196498296 24.1555201497733 24.3148717772742 24.4728500742149 24.632205834368 24.7899015409968 24.9450208349183 25.0970538666971 25.2461717011064 25.3924729488602 25.5360314843348 25.6769304826581 25.8152592602158 25.9511101903362 26.0845757070787 26.2157453885931 26.3447030900095 26.4715240738334 26.5962339064465 26.7182807487758 26.8374731078603
19.0787235553889 19.2433834515835 19.4125250113342 19.585822119511 19.7629382133733 19.9435265103963 20.127230272578 20.3136831390702 20.5025095634587 20.6933253961823 20.8857386559806 21.0793505363199 21.2737566927089 21.4686067192329 21.6635772331192 21.8582715857292 22.0522961965421 22.2452641049463 22.4367983989033 22.6265359066505 22.8141310489276 22.9992597198357 23.1816230408034 23.3609508179745 23.5370045318189 23.7095797007381 23.8785074879323 24.0436554607612 24.2049433478581 24.3640693079505 24.5243220341217 24.6828675331399 24.8388336200729 24.9917687019665 25.1414521086892 25.2879769507981 25.4315725497385 25.5723585206315 25.7104462602177 25.8459475721659 25.9789711603992 26.109619268605 26.2379844228655 26.3641462114871 26.4879774828551 26.6089164866155 26.72692101542
18.8206688410913 18.9915826914878 19.1670599174295 19.3467621593966 19.5303400887305 19.717433465729 19.9076712105382 20.1006715240169 20.2960421023625 20.4934177196827 20.692462028154 20.892766937437 21.0939156487337 21.2954857291309 21.4970510990294 21.698184525622 21.8984606538101 22.097459577815 22.2947709197335 22.4899983368436 22.6827643307052 22.8727151828717 23.0595258005804 23.2429042279093 23.4225955697335 23.5983850914241 23.7701002974334 23.9376118535335 24.1008332937111 24.2609604655246 24.4217324735645 24.5807541397302 24.7368546162085 24.8899019380077 25.0396307226266 25.1860627281284 25.3292179371003 25.4692903956131 25.6065281924315 25.7410692749596 25.8730419324542 26.0025639777036 26.1297392391564 26.2546517772773 26.3768982484578 26.4961556415656 26.6124179815462
18.5615971387954 18.7390618576027 18.9211717417274 19.1075762940601 19.2979160984021 19.4918744853466 19.6890971100278 19.8891966481596 20.0917742916835 20.2964197731436 20.5027115867623 20.7102174887479 20.918495369175 21.1270945943545 21.3355579194546 21.5434240633449 21.7502310181682 21.9555201323975 22.158840956702 22.3597567775532 22.557850687854 22.7527319641729 22.9440424468416 23.1314625646815 23.3147166226452 23.4935769871676 23.6678668635331 23.8374614573583 24.0022874361527 24.1631064994417 24.3239147815616 24.4830888777529 24.6389753510549 24.7916690870696 24.9408512461286 25.0865421036296 25.2288996040065 25.3679544508732 25.5038442784853 25.63682613837 25.7671620641729 25.8949894845114 26.0204268116965 26.1434701634174 26.2635784646321 26.380674764311 26.4947512881848
18.3051472048646 18.4877591303096 18.6760430052909 18.8695489239577 19.0672753881637 19.2687025718865 19.473441821557 19.6810919809403 19.891238878804 20.1034549030923 20.3172987459578 20.5323154230431 20.7480366900128 20.963981997108 21.1796601348334 21.3945717260335 21.6082127058702 21.8200788956945 22.0296717146649 22.2365049822495 22.4401126484445 22.6400571563958 22.8359380111653 23.0274000215351 23.2141406235879 23.3959157055391 23.572543442025 23.7439058061882 23.9099476367462 24.0710643665892 24.231212600528 24.3899311594179 24.5449829561415 24.6965265686184 24.8445658694272 24.9888846322199 25.1296864271906 25.2671889915799 25.401550547959 25.5328406772917 25.6612389815761 25.7869787873195 25.9102847000782 26.0309136820129 26.1484963554535 26.2630638622147 26.3746152179736
18.0594050897325 18.2467627210195 18.4398258378934 18.6382372507264 18.8415999152463 19.0495050629939 19.2615307301066 19.4769888962437 19.6949798850014 19.9150492041335 20.1367371522932 20.3595669254745 20.5830443195648 20.8066580043705 21.0298805924338 21.2521707497239 21.4729766000357 21.6917406490006 21.9079063849608 22.120926593322 22.3302732463825 22.5354486123769 22.7359969917612 22.9315162772995 23.1216683978305 23.3061876900584 23.48488637435 23.6576565819866 23.8244687488155 23.9854760146325 24.1442699649277 24.3017404951933 24.4552691629273 24.6049189798564 24.7509420225245 24.8931899076518 25.0317389360325 25.1668570829968 25.2987996355958 25.4278036247466 25.553984844311 25.6774508508341 25.7982970745517 25.9161210549701 26.0309049650516 26.1424265438631 26.2506129955378
17.8242003016149 18.0173610640867 18.2161046067689 18.4200546421708 18.6288411041809 18.842130107766 19.0595331854982 19.2806413763122 19.5049956004971 19.7321185989455 19.9615100543726 20.1924303149186 20.4239673938025 20.6555712068676 20.8866772079646 21.1166990309651 21.3450313352214 21.571054701017 21.794142950157 22.0136731255131 22.229038114822 22.4396615499576 22.6450141874853 22.8446305528539 23.0381243136705 23.2252007465223 23.4056648504321 23.5794241382298 23.7464858168614 23.9069488050879 24.063613031689 24.2188949874238 24.3701264137094 24.51709961834 24.6601604416165 24.7995421295644 24.9350596572592 25.0668969748029 25.1953297733123 25.3206058608434 25.4429412135427 25.56251076045 25.6790183113173 25.7920640067287 25.9016964417194 26.0079596832638 26.1109199065614
17.5894137290753 17.7909674951185 17.9975349025521 18.2087617668773 18.4244976218897 18.644631983971 18.8687616813526 19.0964541616929 19.3272595414285 19.5607078588552 19.7963070804447 20.0335701300014 20.2719625027365 20.51090165356 20.7497692569497 20.9878806463942 21.2242128681169 21.4579586704995 21.6884114728531 21.9148556997475 22.1365825825151 22.3529101380541 22.5632063563563 22.7669137714878 22.9635728517548 23.1528412881158 23.3345064983216 23.5084895421492 23.6748399765795 23.8337226073857 23.9869679423945 24.1383116590887 24.2855898773448 24.428081380056 24.5662089262282 24.7003873598774 24.8307120525671 24.9572262591642 25.0802601725125 25.2001058693142 25.3170146929497 25.4311266358618 25.5420371898967 25.6497679477349 25.7544241863943 25.8560391258958 25.9546248154877
17.3534087655393 17.5622748178172 17.776756064812 17.9964555778167 18.2208375446493 18.4491560922389 18.6809562907326 18.9159317573583 19.1537863592748 19.3942543254494 19.6368423588859 19.881023526463 20.1262367523798 20.371881991347 20.6173157635883 20.8618476887178 21.1047429565364 21.3452411004047 21.5825174749369 21.8157079764721 22.043936598733 22.2661852312376 22.4814815177542 22.6891393917075 22.8885986875625 23.0794563507505 23.2614867826657 23.4346475302646 23.599069517448 23.7550340206872 23.9036692947806 24.0493366898471 24.1912711904104 24.3279877053569 24.4600429153918 24.5880218193676 24.7123968841761 24.833181608565 24.9506437690398 25.0651402586878 25.1769783670936 25.2860640245276 25.3922007811886 25.4955343580098 25.5961659742054 25.6941347945983 25.7893392844957
17.1233199342637 17.3404222530104 17.562377684191 17.789004741901 18.0202065674336 18.255786613868 18.4953244337754 18.7383863323955 18.9843699941381 19.2325604722228 19.4825480062129 19.7338836070702 19.9860366664514 20.2385975154542 20.490938869627 20.7423324420316 20.9919823529496 21.2390216086476 21.4825138343553 21.7214631067635 21.9548348746573 22.1815902466027 22.4007339169922 22.6113725854376 22.8127840112555 23.0044574320773 23.1861306142429 23.3577977516913 23.5195570882081 23.6718127817964 23.8153569524671 23.9544550038082 24.0903119834479 24.2208960866352 24.3467312385341 24.4684674047453 24.586692657549 24.7018032435376 24.8138155230916 24.9230842783917 25.0298354351297 25.1337901081765 25.2350758270187 25.3338470139044 25.4302107799322 25.5242292923085 25.6159218670295
16.8923389069738 17.1199764987131 17.3521911041991 17.5885980744002 17.8288114381253 18.0724504981043 18.3194026080931 18.5694267451095 18.8223855176356 19.0779537107703 19.3356523609404 19.5949670391744 19.8553066250074 20.1158328539449 20.3759454812313 20.6349424104597 20.8920022423651 21.1462134122928 21.3966849837832 21.6423041962011 21.8818217635716 22.1139354208133 22.3373568307009 22.5509042210281 22.7536093238819 22.9448168736966 23.1242506068213 23.2920265215624 23.448610619622 23.594735881179 23.7313025988809 23.8616954307789 23.9892806154112 24.1121310687712 24.2303739192337 24.3447567454798 24.4559315046994 24.5644586270018 24.6705336626877 24.7741891834198 24.8753245916711 24.9739391105557 25.070240686198 25.1643849484652 25.2564790720184 25.346584769127 25.4347210745768
