pm10_max.txt
NCOLS 541
NROWS 200
XLLCORNER 12.09692
YLLCORNER 48.55814
CELLSIZE 0.0125
NODATA_VALUE -9999
[rows 126 to 146 of 200, columns 470 to 516 of 541]
25.1252907068525 25.0085008927603 24.8912807741007 24.7735075616757 24.6550698337832 24.535325030992 24.4125020859222 24.2876640688093 24.1612959749271 24.0335013127618 23.9044696657677 23.7744941042825 23.6439873442736 23.5134930881614 23.3836864834955 23.2553549365057 23.129481389344 23.0071926802962 22.889200303423 22.7759634358818 22.6676232407459 22.5639620353366 22.4645745471354 22.3689591459093 22.2766232740017 22.1871668289175 22.1003174453092 22.0154306205675 21.9320316916963 21.850211429873 21.7692053378583 21.6875624652997 21.605238772348 21.5226019240469 21.4387937021119 21.3536058579957 21.2676608349358 21.1811076625195 21.0941375101319 21.0073092863768 20.9217204910347 20.8393387385571 20.7635753066321 20.7001070334968 20.65728023317 20.6438110845104 -9999
24.9108104660058 24.789059647829 24.667479403839 24.5459861527149 24.4242967393216 24.3005523480975 24.1752217992216 24.0490860692832 23.922190400008 23.794639340023 23.6666085349057 23.5383545991891 23.4102212582562 23.2826392076379 23.1561164345513 23.0312156151763 22.9085164896682 22.7886739519721 22.6724533247177 22.5601840967701 22.4519797207194 22.3477584941785 22.2473502220646 22.1505036315726 22.0569425477346 21.9664119740642 21.8787041388075 21.7934931348156 21.7099622177043 21.6281207044209 21.5476512353414 21.467018210716 21.3858387098995 21.3046302878091 21.2232877875755 21.1414632154063 21.0596385775038 20.978677211595 20.8990698739125 20.8217141187868 20.7480215649299 20.6800973564547 20.6209100209139 20.5742932102255 20.5444596235628 -9999 -9999
24.7099471612586 24.5840790755956 24.4589972436091 24.3346102508331 24.209320259312 24.0828498230429 23.9562425401125 23.8295148276297 23.7026962588004 23.5758653858752 23.4491584718322 23.3227749943226 23.1969787534127 23.072093318164 22.9484906004661 22.8265718102295 22.7067411796106 22.589374702695 22.4748857869561 22.3638218448009 22.2562864352527 22.1522857345211 22.0517636587304 21.9546049668651 21.8606642725279 21.7697916636541 21.681850362543 21.5967070758154 21.513605849679 21.4323429016736 21.3528640302882 21.2740462503179 21.1949531023588 21.1161178632408 21.0382914769823 20.9608374888274 20.8841214550416 20.8093500042333 20.7372758228841 20.6688712289314 20.6054725009326 20.5488217959577 20.5010425126945 20.4644778614189 -9999 -9999 -9999
24.5217076228672 24.3924172925377 24.2645499297804 24.1369759429467 24.0087336845666 23.8809707899545 23.7537397033586 23.6270006054758 23.5007443635708 23.3750037373654 23.2498610009712 23.1254513412901 23.0019616842154 22.879624769002 22.7587084829512 22.6395008313979 22.5222915313509 22.4073520248145 22.2949164809222 22.1852454329567 22.078729523321 21.9754509424307 21.8754151695817 21.7785862337997 21.6849020609975 21.5942893202244 21.5066754447169 21.4219968070911 21.3398400533485 21.2596988296785 21.1816493176022 21.1050520319956 21.0286697576942 20.9528705513219 20.8789149834269 20.8061619384902 20.7348312832646 20.6660113387313 20.6007579265722 20.5399450587617 20.4846757361066 20.4362532611624 20.3961137445507 -9999 -9999 -9999 -9999
24.3451287597851 24.2129733787567 24.0822168595236 23.951467520285 23.8218243205434 23.6934219107724 23.5661531360378 23.4399202489005 23.3146535112533 23.1903246348506 23.066954307786 22.9446141208196 22.8234236606102 22.7035436108888 22.5851656664721 22.4685000978675 22.3537619661277 22.2411572322227 22.1308697665168 22.0230091503182 21.9177627948266 21.8155303503802 21.7163785633912 21.6203213212036 21.5273526720881 21.437455937332 21.3506121530018 21.2668072213908 21.1859015680132 21.1072706297299 21.0309710450897 20.9567723622324 20.883422702246 20.8110087309288 20.7408634115292 20.6727141199927 20.606532408849 20.5430647160291 20.4835989852454 20.4288933546463 20.3798031599787 -9999 -9999 -9999 -9999 -9999 -9999
24.1793059459089 24.044278949697 23.9100865328651 23.7776982124099 23.6473747477027 23.5189463136861 23.3922151715638 23.2669919322994 23.1431231944692 23.0205079178592 22.8991036702887 22.7789253863463 22.6600392259716 22.5425534792335 22.4266078323308 22.3123619109471 22.1999838515183 22.0896396280245 21.981471699755 21.8755631953273 21.7720218501462 21.6710518508704 21.5730360131683 21.4780401557026 21.3860977632038 21.2972343023756 21.2114733490106 21.1288425188685 21.049357642959 20.9724828198001 20.8981238303636 20.826310011699 20.7561123914929 20.6871282659441 20.6205304360637 20.5566465560786 20.4950681824086 20.4363016954093 20.3815764487439 20.3316570946008 -9999 -9999 -9999 -9999 -9999 -9999 -9999
24.0231707664095 23.8842572873227 23.7479451941301 23.6147124741095 23.4843607901452 23.356574627099 23.2309998273145 23.1073096344299 22.9852442037152 22.8646255286602 22.7453561998395 22.627409888824 22.5108186622977 22.3956597718252 22.2820430694279 22.170099490163 22.0599707985751 21.9518005773344 21.8456871447076 21.7417283460979 21.6400386632714 21.5407172114328 21.4439874445765 21.3502222229185 21.2594936305344 21.1718581479612 21.0873715875839 21.0060938629502 20.9280929836806 20.8530866798975 20.7807543923633 20.7112404809265 20.6440643277157 20.5783692297297 20.5150072543062 20.4549108273762 20.3973286152234 20.3426100368178 20.291766857204 -9999 -9999 -9999 -9999 -9999 -9999 -9999 -9999
23.8747719967525 23.7327610271026 23.5950656374944 23.4616389052545 23.3320671808568 23.2057379640604 23.0820276402135 22.9604180866336 22.8405350938932 22.7221409334662 22.6051100631818 22.4894030340842 22.3750439403457 22.2621022800176 22.1506786068295 22.0408931260704 21.9328765704282 21.8267510255599 21.7225960772716 21.6205312378619 21.5206731963423 21.4231285562827 21.3279940359534 21.2355350236946 21.1461068989191 21.0597912952854 20.9766671392156 20.8968174698109 20.820333372577 20.7471424527458 20.6768047959101 20.6095047597101 20.5450755990075 20.4824297284816 20.4220026249449 -9999 -9999 -9999 -9999 -9999 -9999 -9999 -9999 -9999 -9999 -9999 -9999
23.7342617230104 23.5893482547356 23.450614173928 23.3179416394184 23.1903351639353 23.0665301819296 22.9454698729528 22.8264342622794 22.7089891759566 22.592901848326 22.478073132225 22.3644914311239 22.2522026480945 22.1412903698442 22.0318623356893 21.924040799244 21.8179549893371 21.7136950222638 21.6113635000223 21.5110859550463 21.412981552583 21.31716239906 21.2237337601387 21.1327950913242 21.044673482718 20.9596871476408 20.8779302800863 20.7995009053311 20.7245039226652 20.6529911235768 20.5845411520544 20.5193353984808 20.4573283374107 20.3974452927532 20.3396270064843 -9999 -9999 -9999 -9999 -9999 -9999 -9999 -9999 -9999 -9999 -9999 -9999
23.6024941274675 23.4533693059511 23.3139907640582 23.183979804121 23.0602897788415 22.9402663139583 22.8224511929178 22.706150881973 22.5910598516223 22.4770681390986 22.3641698150801 22.2524178589805 22.1419003111635 22.0327265802642 21.9250188676274 21.8189063497456 21.7145060668961 21.6118998585653 21.5112130967823 21.4125710321453 21.3160938714345 21.2218965232055 21.1300889311332 21.0407769370118 20.9540692489656 20.870358408701 20.7899106948191 20.7128322667888 20.6392348648919 20.5692203558408 20.5025616128711 20.4392575541618 20.3793361860401 20.3219820302593 20.2670342705573 -9999 -9999 -9999 -9999 -9999 -9999 -9999 -9999 -9999 -9999 -9999 -9999
23.4834243766784 23.3250046413059 23.1859148766933 23.0638015091653 22.9462320104568 22.8302094112842 22.715127289663 22.6008604859426 22.4874246330623 22.3748905497651 22.2633558297603 22.1529331060875 22.0437441398252 21.9359162306964 21.8295796707959 21.7248640179448 21.6218539272132 21.5206578516295 21.4214017924628 21.3242080473055 21.2291948746289 21.1364765242047 21.0461636280203 20.9583639283011 20.8731833025323 20.7907523341784 20.7115109376725 20.6356714824656 20.563347028378 20.4946659927072 20.4296604994443 20.3680894635388 20.3104037491984 20.2560060298153 -9999 -9999 -9999 -9999 -9999 -9999 -9999 -9999 -9999 -9999 -9999 -9999 -9999
23.3947273643206 23.2325757620814 23.0932925962929 22.9731548568106 22.8562048852787 22.7404228060821 22.6255268128349 22.5115014643603 22.3984044934926 22.2863224740193 22.1753565278572 22.0656163641348 21.9572171400682 21.8502774247004 21.7449176587456 21.641236623793 21.5393109205052 21.4392589114327 21.3411981308958 21.245243629656 21.1515077674089 21.0601002569056 20.9711284563712 20.8846978939448 20.8009129954223 20.7198779755682 20.6417629940666 20.5670240169355 20.4958229222661 20.4283917324063 20.3651772483303 20.3059281822945 20.250693367139 -9999 -9999 -9999 -9999 -9999 -9999 -9999 -9999 -9999 -9999 -9999 -9999 -9999 -9999
23.3396457797412 23.186869447539 23.0453443547441 22.9145733379885 22.7906766819997 22.6706851338422 22.5531563599454 22.437457936336 22.3233233164771 22.2106569417864 22.0994494275682 21.9897382220391 21.8815878730139 21.7750793183068 21.6702977647582 21.5672907290357 21.4661479922203 21.3669725068452 21.2698677741462 21.1749370179209 21.0822826886649 20.9920062472312 20.9042081896536 20.8189882779767 20.736445940416 20.6566808004859 20.5797932903178 20.5060218001194 20.4361245269209 20.3705980837967 20.3095181245327 20.2524764935819 -9999 -9999 -9999 -9999 -9999 -9999 -9999 -9999 -9999 -9999 -9999 -9999 -9999 -9999 -9999
23.2971460014268 23.147180233593 23.0046401667161 22.8693867277975 22.7402290838968 22.6157191723173 22.4947055867075 22.3764318296896 22.2604451406849 22.1464917155217 22.034442245094 21.9242452572404 21.8158987363611 21.7094326650896 21.6048622282731 21.5022226330242 21.4015889266239 21.3030423869585 21.2066683301046 21.1125546030136 21.0207905732423 20.9314664941016 20.8446731610483 20.7605017956439 20.6790441039803 20.6003957840022 20.5371551411543 20.4921828721368 -9999 -9999 -9999 -9999 -9999 -9999 -9999 -9999 -9999 -9999 -9999 -9999 -9999 -9999 -9999 -9999 -9999 -9999 -9999
23.2604110758539 23.1114317357075 22.9681845072911 22.8306210564513 22.6982653491502 22.5704193025951 22.4463816011601 22.3255712604245 22.2075589172054 22.0920506471139 21.978858241338 21.8678712058071 21.7590347644093 21.6523180368675 21.5694169783507 21.4874655715524 21.4064564505724 21.3266691687718 21.2483846998472 21.1718842871198 21.0980498801118 21.029028202785 20.9650826227563 20.9049323332854 -9999 -9999 -9999 -9999 -9999 -9999 -9999 -9999 -9999 -9999 -9999 -9999 -9999 -9999 -9999 -9999 -9999 -9999 -9999 -9999 -9999 -9999 -9999
23.227591817632 23.0789853965151 22.9352031163252 22.7962323543603 22.6618507303587 22.531695530758 22.4053526064648 22.2967656763413 22.2136637531411 22.132778039727 22.053880291811 21.9750888373062 21.8963352227866 21.8178489301176 21.7398729150601 21.6626598984983 21.5864694505302 21.5115657355208 -9999 -9999 -9999 -9999 -9999 -9999 -9999 -9999 -9999 -9999 -9999 -9999 -9999 -9999 -9999 -9999 -9999 -9999 -9999 -9999 -9999 -9999 -9999 -9999 -9999 -9999 -9999 -9999 -9999
23.1978218914123 23.0493535764736 22.9236026998206 22.8175055619365 22.7158827630682 22.6196844780459 22.5292332207371 22.4447766719126 22.3663498213072 22.2911557766453 22.2166683556737 22.142143317053 22.0677831080305 21.9938049571005 21.9204380592072 21.8479209608725 21.7764992800509 -9999 -9999 -9999 -9999 -9999 -9999 -9999 -9999 -9999 -9999 -9999 -9999 -9999 -9999 -9999 -9999 -9999 -9999 -9999 -9999 -9999 -9999 -9999 -9999 -9999 -9999 -9999 -9999 -9999 -9999
23.2736340088022 23.1662322603174 23.0619070362619 22.9611892371718 22.8645601953247 22.7724592678259 22.6852947239788 22.6035627554393 22.5280894729721 22.4575573570787 22.3872826477032 22.3170089412463 22.2469308290152 22.1772501241942 22.1081745555896 22.039916286261 -9999 -9999 -9999 -9999 -9999 -9999 -9999 -9999 -9999 -9999 -9999 -9999 -9999 -9999 -9999 -9999 -9999 -9999 -9999 -9999 -9999 -9999 -9999 -9999 -9999 -9999 -9999 -9999 -9999 -9999 -9999
23.3921044161408 23.2910076721573 23.1928014756089 23.0980143371484 23.0071383737409 22.9206336894316 22.8389346379971 22.7624568657634 22.6911392693675 22.6233818196696 22.5576596639519 22.4916859460342 22.4258710153906 22.3604154009153 -9999 -9999 -9999 -9999 -9999 -9999 -9999 -9999 -9999 -9999 -9999 -9999 -9999 -9999 -9999 -9999 -9999 -9999 -9999 -9999 -9999 -9999 -9999 -9999 -9999 -9999 -9999 -9999 -9999 -9999 -9999 -9999 -9999
23.5007568650787 23.4062199834602 23.3144837828587 23.2260095023738 23.1412931560915 23.0608053879659 22.9849954036366 22.9141028490277 22.8466141193087 22.7823980628297 22.7217066245638 22.6617996967128 22.6015017703723 22.5410764528683 -9999 -9999 -9999 -9999 -9999 -9999 -9999 -9999 -9999 -9999 -9999 -9999 -9999 -9999 -9999 -9999 -9999 -9999 -9999 -9999 -9999 -9999 -9999 -9999 -9999 -9999 -9999 -9999 -9999 -9999 -9999 -9999 -9999
23.6016169975781 23.5104579723711 23.4253356689848 23.343555533755 23.2653947889198 23.1913287602957 23.1217413202699 23.055331834859 22.991749691175 22.9313584629201 22.8745144512269 22.8206742737192 22.7666368909735 22.712309022928 22.6579497268436 -9999 -9999 -9999 -9999 -9999 -9999 -9999 -9999 -9999 -9999 -9999 -9999 -9999 -9999 -9999 -9999 -9999 -9999 -9999 -9999 -9999 -9999 -9999 -9999 -9999 -9999 -9999 -9999 -9999 -9999 -9999 -9999
