pm10_max.txt
NCOLS 541
NROWS 200
XLLCORNER 12.09692
YLLCORNER 48.55814
CELLSIZE 0.0125
NODATA_VALUE -9999
[rows 105 to 125 of 200, columns 376 to 422 of 541]
27.2593628390031 27.3993624679272 27.5343803332023 27.6640388633968 27.7870594126284 27.9010282695428 28.0071522254179 28.106365859649 28.1990880660253 28.2849779267872 28.3637029689258 28.4349437920368 28.4983957872655 28.554153582999 28.602769948044 28.6438710598621 28.677205626629 28.7025365963469 28.7196399349016 28.728303076951 28.7283417467186 28.71972024546 28.7022881736045 28.675864834363 28.6402759367051 28.5953556106576 28.5409502955751 28.4769247931779 28.4031706189213 28.319535534387 28.2368609064674 28.1733115679134 28.1025005804591 28.0245183272182 27.9394385237051 27.8474918765268 27.7489882501492 27.6443027833487 27.5338701253737 27.4181761939683 27.2977512376957 27.1729051575516 27.0422662320634 26.9067162617059 26.7680771891196 26.6270230868705 26.4843866093549
27.2324480444729 27.3730826838022 27.509184511615 27.6403658473199 27.7652176113298 27.8813787763562 27.9897860548646 28.0918941823538 28.1880577922144 28.2779549127495 28.3612718103647 28.4377040741247 28.506957454448 28.5692635918876 28.6249715072188 28.6737756379424 28.7154100613578 28.7496150870107 28.7761354290486 28.7947180458176 28.8051685574048 28.8073796756997 28.8011001397621 28.7860658957202 28.7620073435307 28.7286514310174 28.685726279374 28.6329447717817 28.5698666215928 28.4962382245192 28.4119033585003 28.3243454296016 28.2590219728508 28.1863404855807 28.1060455831293 28.0183297787074 27.9234347624319 27.8217862638332 27.7138972323509 27.6003525696495 27.4817942552534 27.3589002517274 27.2308786108193 27.0975476802308 26.9610326180716 26.822486854989 26.6827955765601
27.217207332692 27.3527910237274 27.4898915066537 27.6225530058124 27.7492633064238 27.8677651680642 27.9786228984319 28.0837767227371 28.1835506318616 28.2776410735697 28.365750840407 28.4475893385911 28.5228726970044 28.5918927589579 28.6549191244757 28.7116751389552 28.7618858284167 28.805275806168 28.841566676034 28.870474753103 28.8918293307623 28.9054139905682 28.9109071270276 28.9079677234908 28.8962339315667 28.8753214950017 28.8446733032677 28.8037829212249 28.7522456018425 28.6896825240232 28.6157670652823 28.5302566066801 28.4334773257499 28.3616932937178 28.2864485088755 28.203075042428 28.1119414795038 28.0134624821452 27.9081958996945 27.7968586636497 27.680240803148 27.5591816126051 27.4339885027034 27.3035384412326 27.169484524377 27.0338203821604 26.8974233547966
27.2215337513637 27.3413478241414 27.4757127317039 27.6098233104044 27.7384182995368 27.8593203058106 27.9728044686805 28.0811095262976 28.1846132900076 28.2830294836348 28.3760768548063 28.4634788326917 28.5449283897486 28.6207825014623 28.6912990024159 28.7562032234766 28.8152177399516 28.8680596505399 28.9144371853893 28.9540667421117 28.986785254169 29.0122818710201 29.0301843189734 29.0400857721006 29.0414402221085 29.0336073711087 29.0160509953087 28.9882009996252 28.9494654111678 28.8992536283597 28.8370112297885 28.7622665235855 28.6746863927884 28.5741355501629 28.4807199324076 28.4018514439686 28.3143258264039 28.2187455939605 28.1158670147945 28.0064743382994 27.8915280391061 27.7720616621623 27.649053380418 27.5216671114348 27.3903520708868 27.2574410106957 27.1243436763609
27.2345391648196 27.3556590788922 27.4735356563614 27.6012634679983 27.7317677103544 27.8551054312059 27.9713430386601 28.0828645935693 28.1901700417472 28.2929907043736 28.3910618864014 28.4841221643918 28.5717541530936 28.6545258722145 28.7326333283459 28.8058093376897 28.8737811923844 28.9362675178714 28.992974267997 29.0436618083339 29.0881327518417 29.1314273069839 29.1845082824575 29.2225079140094 29.2443587027018 29.248897641738 29.2348608151396 29.2008886111903 29.1600947103363 29.1238039372072 29.0747988876769 29.0122745085276 28.9355702753857 28.8442729864175 28.7383187298134 28.6180704963083 28.5302476677133 28.4370541216861 28.335766475689 28.2275498953773 28.1136104933461 27.9951275468169 27.8733602514606 27.7484856417669 27.6197658617648 27.4895018209499 27.359478007967
27.253380165414 27.3759795766206 27.4958339065868 27.6126247413821 27.7283134164203 27.8540984027382 27.9731639261384 28.0879250667481 28.199054294403 28.3063016438773 28.4094201390103 28.5081284678857 28.6018996594145 28.6915919187958 28.7773041845887 28.8587818948658 28.9357639031708 29.007979314391 29.0751484505876 29.137109571419 29.2246471419291 29.3158722227407 29.394122634149 29.4583634217925 29.5074371536413 29.5400353570882 29.5546698659843 29.5496500801636 29.5230767071891 29.4723934096981 29.3934168011216 29.2837873391236 29.2151121357737 29.1342365078709 29.0362428096123 28.921372404907 28.790607727559 28.6672870690647 28.5664910440692 28.4581435161099 28.3438988229616 28.2253662782569 28.1038672235491 27.9803136534313 27.853821136698 27.7257616447956 27.5985156743382
27.2757350254108 27.3999105489274 27.5218072481539 27.6411368415897 27.7566396419629 27.8671471952904 27.9771428838578 28.0951198033105 28.2100411315291 28.3216768563387 28.4297988080126 28.5339827040016 28.6338346925124 28.7303591862222 28.8235888956642 28.9132855467639 28.9992047531246 29.081093381674 29.1586966651094 29.2581614040648 29.3847595917053 29.5006406264228 29.604894963411 29.6965055387357 29.7743095998599 29.8369494765797 29.8828120698753 29.9099599419808 29.9160633634502 29.8972940216985 29.8488148524578 29.7671093179663 29.6487581425972 29.4910144077915 29.3543221805934 29.244304090154 29.1147970883159 28.9682473370781 28.8086136631652 28.6954310910661 28.5792133894348 28.459012929891 28.3364941637992 28.2130870086241 28.0882338424038 27.962093930563 27.8371608904156
27.3002683000323 27.4260914380457 27.5500682240985 27.6719058256013 27.7901026836011 27.9038235401368 28.0128373868076 28.1188740186161 28.2237017250083 28.3378004205132 28.4507725879857 28.5602038621922 28.6659870415818 28.76915748593 28.8697065858126 28.9674133244901 29.062020340378 29.1531347514557 29.240605655126 29.3900286222288 29.53993725399 29.6805521822799 29.8110498422896 29.9305122281838 30.0378825005893 30.1319008539893 30.2110141430656 30.2732526072994 30.3160033910692 30.3341271563412 30.3225087520855 30.2758482440448 30.1881025543599 30.0533329793348 29.8673316548628 29.6296835255996 29.4552363018134 29.3027092620172 29.1344451267996 28.9560211209608 28.8146808765819 28.691219480591 28.5666034038641 28.442285635576 28.3185554323264 28.1942796652366 28.0714084324985
27.325280541355 27.4531405747949 27.5792862669182 27.703546191742 27.8244133782745 27.9413008868992 28.0540059970794 28.1633520274541 28.2719011125508 28.3796080085127 28.4850400128149 28.5853787148857 28.6967838204819 28.8063154480307 28.9138332157067 29.0189797759578 29.1215244699305 29.2212748401227 29.3328859449518 29.5127237606226 29.6853458978985 29.8500853457424 30.0062431144534 30.1530661273693 30.2897098220519 30.4151772032051 30.5282216661303 30.6271942298151 30.7093121598204 30.7692631791842 30.8019768480467 30.8004533054196 30.7550298987032 30.6537370999494 30.4849704024707 30.2432918314202 29.9353365478852 29.6426768196139 29.4588913320358 29.2670371233367 29.0733374971941 28.9154989775604 28.7884456725752 28.6631997530126 28.5402639186861 28.4180907278606 28.2974533354646
27.3485840698217 27.4786852661812 27.6075082743556 27.734557572657 27.8582114300637 27.9781648635708 28.0944354297141 28.2072069645351 28.319226671108 28.4312085138535 28.5431025098758 28.6506789949495 28.7521764109851 28.8498226760905 28.9535962129857 29.0655233999786 29.175468255718 29.2833206659813 29.4220157851074 29.6222023480214 29.8163351805657 30.0038236506927 30.1840867258882 30.3565473593681 30.520616348401 30.6756584218599 30.8209281278893 30.9554514937408 31.0763772589223 31.1801529654722 31.2629162721635 31.3179256139954 31.3331899919602 31.2881537327475 31.1529572956801 30.9015172329581 30.5407528074406 30.1165932201161 29.7632096402961 29.5529482556366 29.3493541386302 29.153523044842 28.9954343123365 28.870477122345 28.7490988995909 28.6297422110063 28.5119437650828
27.369279250293 27.5012924977463 27.6326598099392 27.7625205699705 27.8893158142096 28.0127546131368 28.1326781322117 28.2490312632365 28.3646694158186 28.4811579636411 28.5973848639644 28.7109771947049 28.8188828161258 28.9225594062974 29.0237145341507 29.122905074907 29.2224666518786 29.3372914456631 29.4945968964761 29.7149952803975 29.9289057601482 30.1370660547083 30.3389424009838 30.5340566388326 30.7219953946677 30.9024129399431 31.0750227755812 31.2392194427926 31.3926791623486 31.5345085721873 31.6635832105512 31.7773406868504 31.8692662372141 31.921021465771 31.8780835929236 31.6218256944163 31.1246788380974 30.5594289021504 30.0488492178274 29.7874791670054 29.5829284476143 29.3913451090024 29.2090028326224 29.0595283039003 28.9414414118127 28.8262970788309 28.7124889297411
27.3864916648164 27.5199671490029 27.6536661287994 27.7861065500515 27.9158272486142 28.0426312168997 28.1665088522237 28.2878422262742 28.4072710136637 28.5266377269617 28.6461789544768 28.7648511188929 28.8788021127844 28.9880830523598 29.09503168933 29.2000348517976 29.3038341023793 29.4059410174018 29.5297747526302 29.7798687566703 30.018978036082 30.2464763829867 30.466830080557 30.6806937288438 30.8876204247624 31.0872797035185 31.2794726171017 31.4627302707903 31.6358757765494 31.7990878804303 31.9527440432016 32.0974727599425 32.2342796052458 32.3648663779929 32.4924849254652 32.3780530788062 31.4703117532895 30.7090211948927 30.2059872846794 29.9497098380073 29.7665585717766 29.5917613630461 29.4229299044494 29.2594164997044 29.1171587782712 29.0059228864643 28.8974809644839
27.3997499393383 27.5340335076066 27.6695381530724 27.8042628481494 27.9366217826358 28.0668654641519 28.1951555813321 28.3206288176366 28.4431427839354 28.5654274835566 28.6880522072361 28.8107961242553 28.9301312798643 29.0447932262359 29.1569790727091 29.2665916081805 29.3729860476553 29.4780429821513 29.5813653299758 29.8002935541061 30.0676539150325 30.3234440038258 30.565665044783 30.7946317907866 31.0152858103874 31.2274320016592 31.4299618369175 31.620326534605 31.7975177954704 31.9603821015806 32.106956421004 32.2333604669478 32.3308970884837 32.377326104902 32.3095317685992 31.9865320584908 31.3564972320689 30.6498995251205 30.3124113594482 30.0744104363524 29.9192565336312 29.7646296657844 29.6118143706643 29.4617646712306 29.3151988333375 29.1775402153721 29.0661982358448
27.4089677143247 27.5435176752038 27.6797962107989 27.8162593971599 27.9514892580445 28.0851367676079 28.2162543541896 28.3447027497888 28.4703807220828 28.5951252015564 28.7207172950865 28.8470224983144 28.9716449765692 29.0912128378819 29.2074184131106 29.3197843746389 29.4284903175308 29.535639846572 29.641498753435 29.7803051450764 30.0728353414106 30.3537739033285 30.6212728376024 30.8733228384884 31.1073618551411 31.3262312910566 31.5309727266553 31.7192158406359 31.8887943536856 32.0365708177239 32.1575657969805 32.2433961453941 32.2795992244741 32.2420028165435 32.096033346797 31.8120190787768 31.4156695839081 31.0000596804634 30.6521748855442 30.3677546510522 30.1108980795362 29.9203404515186 29.7812774615769 29.6442398479808 29.5097105892247 29.3781867655574 29.2472216500629
27.41352041901 27.5479032232055 27.6847074050811 27.8230417207964 27.9599239466123 28.0948830338947 28.2278880274306 28.3588179459308 28.4874638820993 28.6144082041672 28.7423897889389 28.8715952470723 29.0010462423601 29.1252282373763 29.2436800753642 29.3581672370845 29.4691793111078 29.5778802198582 29.6866534900761 29.7949360616851 30.042092881076 30.3433957185576 30.6332461168943 30.9061749415681 31.1596973023587 31.3900316246852 31.593703733889 31.7752741116666 31.9328159462043 32.0623553753433 32.1583354281329 32.2129248747428 32.2155368449896 32.1509679672454 32.0106518971983 31.7960304437376 31.5257453614846 31.2336994775503 30.9505367224043 30.6888239122986 30.4426611500943 30.2025413684593 29.962805501338 29.8079113310796 29.6855809007336 29.5656973585795 29.4467430268532
27.4131057992363 27.5475790884865 27.6845890310758 27.8227253594782 27.9598753764736 28.0954626399528 28.2294962229066 28.3619705558761 28.4928609997523 28.6220812176394 28.7518161120326 28.8833021920784 29.015847893463 29.1429862400006 29.2635237329656 29.3802140316564 29.493669293051 29.6049915337705 29.7163671560621 29.8272948553734 30.0073270372956 30.3122511821061 30.611307294286 30.9015723650587 31.1719823975734 31.4150631092594 31.6274470382559 31.8056117754004 31.9520301104475 32.0670309583891 32.1464118845588 32.1837475048647 32.172578237525 32.1110266668353 31.9976266372119 31.8365936446508 31.6387365571961 31.4166586714956 31.1842454069767 30.9511893909661 30.7202276793681 30.4904680923306 30.2598549545899 30.0272178811563 29.8431503025695 29.7356938540537 29.6282144618883
27.4084412254352 27.5417217940941 27.67704789839 27.8137453848706 27.950438409502 28.0860246059679 28.2204445825033 28.3537358742081 28.4859153913831 28.6169734858456 28.7477922027972 28.8804867802379 29.013189135524 29.1426707327375 29.2649703930724 29.3838609669783 29.5011496528624 29.6162203393456 29.7299748979178 29.8434880275741 29.9773525851605 30.286468452176 30.5880473988086 30.8790980574647 31.1549115214659 31.4099975102579 31.6320388843845 31.8168103964212 31.9614598758779 32.0666946181694 32.133803828793 32.1633220775961 32.1539980176988 32.1033071148456 32.0113797626213 31.881901422828 31.7212850494668 31.5379405825311 31.3407557112966 31.1356487957946 30.9260820896623 30.7151834878984 30.503695332813 30.2911188995968 30.0767614174218 29.8874211438599 29.7918745992267
27.3976378459797 27.52832255286 27.6612226644333 27.7957611547971 27.9308638055283 28.0657316240218 28.1998052109219 28.333170538616 28.4658927044103 28.5980094734696 28.7292037296854 28.8602363099744 28.9919291113894 29.1225204181747 29.247237822739 29.3686474146084 29.4895444328225 29.6088780352497 29.7262631926813 29.8434000905861 29.9594123903242 30.2652627895906 30.5738504351654 30.866208712642 31.1396937129431 31.3909824832068 31.6170984795205 31.8094582046386 31.9574681285673 32.0580783201665 32.1155257803566 32.1371434802046 32.1235535031271 32.0754997721515 31.9947606161335 31.8843732162214 31.7488019692367 31.5941049523154 31.4266339114856 31.2510654254574 31.070348652467 30.8862536172902 30.6995949245129 30.5105210268594 30.3187562520012 30.1237602769089 29.9379287173856
27.3796892663732 27.5070222681776 27.6367072719875 27.768298130304 27.9007082412905 28.0338655903585 28.1667645450554 28.2993605664511 28.4317732119396 28.5636264803096 28.6933314497594 28.8216299893398 28.951067608505 29.0818291835428 29.2094574018211 29.3333728451441 29.4576410664736 29.5818097940375 29.7047807470285 29.8269364861676 29.9485599247622 30.2292309752037 30.5539972720252 30.8573288581494 31.1315634307628 31.3742359120434 31.5849440715498 31.7606943295845 31.9010796825437 31.998049460525 32.0512586480275 32.0639117206321 32.0460269441848 31.9998866617717 31.9278687362209 31.8338007095283 31.7219075237309 31.5956320979449 31.458196533681 31.3124372819051 31.1605940596594 31.0042318749852 30.8442737942461 30.6810913840141 30.5146025228414 30.3443097238913 30.1692881342273
27.3544714200221 27.4776293202722 27.6032375735014 27.7310078639999 27.8598298773409 27.989855661544 28.1206494244393 28.2515282483298 28.3820733519265 28.5109116756787 28.6380243237499 28.7635383800776 28.8908480355605 29.0217189119185 29.1514118171291 29.278303434029 29.4054182261965 29.5341103193568 29.6628979832023 29.7909544663573 29.9193817080069 30.1406833559048 30.482203728275 30.8010781911974 31.0875332966227 31.3328359670717 31.5248367719655 31.6738368637625 31.787559781704 31.8716434126517 31.9215129948795 31.9347841624939 31.9152862986921 31.8742946738547 31.814386567477 31.73856107383 31.6490739757989 31.5480897386979 31.4375986415944 31.319604030582 31.1961441521364 31.0684627734945 30.9372855842114 30.8029272858808 30.6652958340138 30.523768317767 30.3773730137105
27.3220105047435 27.4401075136017 27.5607096151183 27.6837038109143 27.8079677926053 27.9336521487645 28.0609589045136 28.1882799715759 28.3143012450817 28.4392250386595 28.5633370151259 28.6876587972083 28.8131617658299 28.9430898644672 29.0735559401475 29.2019553908872 29.331120731919 29.4627181011461 29.5964729593792 29.7310232527537 29.8663723495475 30.0029823249588 30.3402867991604 30.685079787952 30.9944422900767 31.2452791783573 31.4307848561591 31.5550349628779 31.6352890954488 31.6915043997593 31.7307215405415 31.7499292261786 31.7406211610145 31.7061283804414 31.6585137640009 31.5998126469 31.5314731775781 31.4547991883694 31.3711222055825 31.2817152556674 31.1877112396256 31.0900364871721 30.9891057037982 30.885088578875 30.7779440345484 30.6671808913349 30.55197883948
