pm10_min.txt
NCOLS 541
NROWS 200
XLLCORNER 12.09692
YLLCORNER 48.55814
CELLSIZE 0.0125
NODATA_VALUE -9999
[rows 105 to 125 of 200, columns 329 to 375 of 541]
20.4406783554203 20.6601853165518 20.8752958447827 21.0874574960938 21.2981291560339 21.5071782935882 21.7144611492964 21.9198130332265 22.1200933260194 22.3126342879978 22.4958594653562 22.6632574982921 22.8178556313293 22.9678193475739 23.1143312554165 23.2589475939886 23.403465193274 23.5412045717685 23.677276187468 23.8096553770595 23.9328019041419 24.0354379275229 24.1131055145639 24.1761330018381 24.2323510198854 24.2851610376033 24.3363543114386 24.3769098545455 24.4135644103974 24.4552863830456 24.5040382685726 24.5617996369778 24.6286605017394 24.7002490507208 24.7787890603874 24.8703076620499 24.97750003643 25.0954334500149 25.2172696280763 25.3384299366752 25.4562037667091 25.5688249717323 25.6826669063112 25.803750515024 25.9315011570127 26.0653982076675 26.2049481790589
20.4181394848347 20.6302122892061 20.8383162758479 21.0427503582617 21.245852008535 21.4478254991302 21.6481774848669 21.8431144044753 22.0312629955801 22.2138649914911 22.3922449854474 22.5637039624934 22.7182860290486 22.8631493956935 23.0039179020759 23.1403735231344 23.2749702994143 23.4076497659847 23.5336737226502 23.6524473865226 23.762103113176 23.8591375676946 23.9424655015959 24.0142487506293 24.0777698192296 24.1321404239869 24.175918337298 24.2086866014708 24.2454170660092 24.2894054470518 24.3507263191359 24.4239601752411 24.5048944951727 24.5897509151667 24.6805225527774 24.7790931378776 24.8858703081334 24.999160561572 25.1160090224645 25.2334134152604 25.3488851311986 25.4604837500419 25.5745073268456 25.69657589705 25.8259854619049 25.9621310671735 26.1044679788979
20.4239132939805 20.6252223863008 20.8233442460942 21.0180476389973 21.2112654097819 21.4025805110024 21.5887327461192 21.7701412185612 21.948392719907 22.12324682232 22.2943863574414 22.4614521713056 22.6190522470315 22.7625031283521 22.8960550248119 23.024824837906 23.1501888553871 23.2711876786523 23.3881666676782 23.4991570987341 23.6020545978738 23.695192695336 23.7780142789343 23.8512608644342 23.9159636307161 23.9698192472161 24.0128344935165 24.0541780524747 24.0957390847646 24.1453575095168 24.2151802354855 24.3022289795539 24.3938107651283 24.488615386674 24.5876236433135 24.6914674297414 24.8000703256179 24.9125018556446 25.0271716407563 25.1422001846923 25.2557245643552 25.3661196857735 25.4804085842497 25.6034193023378 25.7344072749114 25.8727280484711 26.0178067213089
20.4554170482836 20.6429831428294 20.8284503743582 21.0112252951976 21.1890938931633 21.3637222669657 21.5365405468693 21.7072961625865 21.8756571797008 22.041266367839 22.2037335006079 22.3626245604961 22.5173787386624 22.6619078513681 22.7933854569583 22.9145937364438 23.0295879194604 23.1419012012146 23.2501571357751 23.3528749359888 23.4486664366524 23.5367074753882 23.6164184967296 23.6881695626102 23.7513742903694 23.8055015255767 23.8568916726746 23.9073325064686 23.9582238535628 24.0197471743059 24.0969708240374 24.1916799209604 24.2916319899097 24.3940416498845 24.4993675329796 24.6077770926456 24.7190249585257 24.8324088131457 24.9468314602618 25.0609352613063 25.173310698319 25.2829921942917 25.3981020075698 25.5218472256164 25.6534688120796 25.792427723661 25.9382411820451
20.5085834917961 20.6800011629148 20.8487963635532 21.0134705048509 21.1751118983064 21.3359178664483 21.4959414975115 21.6547929972139 21.812066430145 21.9673327071323 22.1201315630151 22.2699619630205 22.4162705908912 22.5583344366241 22.6913807800486 22.8109092018639 22.920038385174 23.0213494746214 23.1194935057226 23.2130031469498 23.3008567726657 23.382554050306 23.4561628723118 23.5220669590909 23.5819184114663 23.6388253547528 23.694719429575 23.7504810944876 23.8090270537028 23.8813915806766 23.9695508842669 24.0691997661825 24.1750837949454 24.2832290384766 24.3936684137253 24.5063809984978 24.6210776595926 24.7371857267172 24.8538738597456 24.9695996968962 25.0828122861199 25.1932095634189 25.3099950304107 25.4354771436006 25.5689825691795 25.7098637359149 25.8574939359799
20.5773388945314 20.7281678777407 20.8780747593243 21.0263957077119 21.1725976657491 21.3185430128399 21.4647807168436 21.6108371133427 21.7562294262489 21.9004586537531 22.0430024686917 22.1833079741239 22.3207844838321 22.4547970024768 22.5838790765436 22.7032140259372 22.810468795303 22.9051880911425 22.9888337037802 23.067997035963 23.1428429735954 23.2130382325192 23.2784784692549 23.3393049124508 23.3977745328183 23.4559500386053 23.5143841627999 23.5736796370848 23.6391452446141 23.7201938737521 23.8168710350578 23.9231349576769 24.0367823862556 24.1497780616343 24.2639409745086 24.3799675652661 24.4968379183311 24.6136228337927 24.7297406483378 24.8444536681178 24.9569041233843 25.0681066579413 25.1876962842209 25.3166357483756 25.4543564039756 25.6002919028975 25.7538791742991
20.6549235817853 20.7855669674938 20.9168130071777 21.0478932157578 21.1780739783637 21.3085511013207 21.4404662398274 21.5732629533821 21.7063843908202 21.839266885887 21.9708872342214 22.0991303491248 22.2234514412996 22.343436165635 22.458648835331 22.5686293650338 22.6701470601678 22.7606026595574 22.8397352818663 22.90776974995 22.9709701177366 23.031356161969 23.0888329681417 23.1446533463088 23.2012989621527 23.2590806552095 23.3183534157533 23.3795419309172 23.4507079590371 23.5383158265363 23.6408933156228 23.7522334975385 23.8719547177093 23.9938910688476 24.1105971778189 24.2257935092331 24.3412210137814 24.4565273473153 24.5712176860016 24.6846747099291 24.79617706596 24.9088944781988 25.0315984683144 25.1642335060945 25.3063305177463 25.4574073164105 25.616971795582
20.7377392482587 20.8479040094539 20.9601836931568 21.0737208758183 21.1876941963236 21.3026314601869 21.4201415932551 21.5389201718969 21.6564884185657 21.7723415235223 21.8860934973537 21.997356598588 22.1057393557533 22.2108464122816 22.3122808605379 22.4095876366511 22.5022331472244 22.5881264966293 22.6641577382183 22.7302564372138 22.7865002170383 22.8361673107183 22.884976592596 22.9357451871644 22.9889459220424 23.0447938957844 23.1037508909033 23.1666083984073 23.2428502732795 23.3363968626643 23.4440790117445 23.5593782667635 23.6816319658315 23.8083977451662 23.930544627072 24.0468233891074 24.1601263726691 24.2732140479958 24.3856810394863 24.4969406397202 24.6064148994069 24.7206991304708 24.8457589953274 24.9814985235725 25.1276955725426 25.2836285375379 25.4488804260425
20.8196615749085 20.9097017595879 21.0033109967346 21.0995589102479 21.1973014476415 21.2942079676627 21.3916753835424 21.4893944838759 21.5869290766426 21.683857817151 21.7796789517695 21.8736857728453 21.9655178840417 22.0548555205809 22.1414130734779 22.2249370370629 22.3051494255746 22.3820892728147 22.4549788676653 22.5205572731769 22.579472343623 22.6317281699376 22.6800429600787 22.731088352718 22.7863970794264 22.8457638018113 22.9090498806374 22.9772073944705 23.0602540591449 23.1593639788315 23.2693840873235 23.386144940912 23.5096823599582 23.6392443658202 23.7656919106356 23.8859156099622 23.9993137833624 24.1081959629903 24.2159689000746 24.3222032985701 24.4272230127055 24.5402332574756 24.6639835581384 24.7985131388707 24.9437549738164 25.0996491722449 25.265848868827
20.8948571723447 20.9657021896342 21.0403851831302 21.1153605786051 21.1898063788347 21.2637934285779 21.3393894484217 21.415881169484 21.4927482075452 21.5696093735397 21.6461225774272 21.7220131892239 21.79723688717 21.8720677370844 21.946056728405 22.0196671504981 22.0935848561647 22.1674582154294 22.2407637878325 22.3129304487926 22.3808040057068 22.4438867467207 22.5044924800179 22.5628571523086 22.6204232529356 22.6821911188891 22.7483473043321 22.8190288422999 22.9036734819473 23.0038590756861 23.11398770736 23.2308745139816 23.3544879389893 23.4847140412284 23.6140805864714 23.7371276930029 23.8532590826314 23.9618361199114 24.0651659425945 24.1669302092854 24.2700866500722 24.3835051381508 24.5076458893494 24.6424160713223 24.7872785773235 24.9418396707414 25.1059363467308
20.9559261992705 21.0034080797047 21.0527368171344 21.1033564220105 21.1539397867504 21.2044149005143 21.2569776385337 21.3115189851264 21.3678252253696 21.4264595967992 21.4869210624503 21.5486446490846 21.6136230027743 21.6816965196907 21.7523678568535 21.8249695192349 21.8988450627591 21.973485690104 22.04833454819 22.1228877779458 22.1969071868262 22.2717433898961 22.3452777263206 22.4172157553057 22.4874773022997 22.5550787569852 22.6209382898346 22.6911645368394 22.7759186123696 22.8761495212993 22.9857260506635 23.1020227753989 23.2249526021399 23.3544224535178 23.4852453153866 23.6096348420356 23.7269156951187 23.8364453098449 23.9375530842907 24.033141098734 24.1345366917294 24.2464648476785 24.3689257820207 24.5019152327394 24.6454275837208 24.799458589013 24.9640075718766
20.9782923847267 21.0068861920175 21.0304310078532 21.0558946663961 21.082416636746 21.1103378563982 21.1430677860329 21.1798566152637 21.2202709447471 21.2668609030056 21.319443609637 21.3775308691519 21.4407288097623 21.5079967568077 21.578591172021 21.6518116621954 21.7270013051872 21.8037417799419 21.8815689402358 21.9598979538823 22.0395152371824 22.1224045817306 22.2081464565955 22.2938714030165 22.3761644492189 22.4547356523151 22.5296231704954 22.6030737779207 22.6872952556423 22.7867060094817 22.8950172061452 23.0098399373004 23.1310322396228 23.258458123028 23.3885525201063 23.5122909423927 23.6286652699509 23.7370729499595 23.8369011123637 23.9297177624004 24.0287746088661 24.1383651634239 24.2586013041789 24.3895440341387 24.5309548998567 24.6828190254886 24.845173287482
20.9528267265601 20.9667405189087 20.9688204827047 20.9714992290939 20.9784235129365 20.9885746331033 21.0065539166723 21.0337117510479 21.069765393648 21.1142951781376 21.1659110784577 21.2237433313522 21.2873760441313 21.3561776428377 21.429304120074 21.5059575966939 21.5853871342793 21.6668899900027 21.7498131202004 21.83370139128 21.9207189345613 22.0113586896177 22.1037346231244 22.1962436200506 22.2883774204655 22.3775772224444 22.4631738128736 22.5471345047145 22.6395467985645 22.74132674262 22.8474621391427 22.9594071567959 23.0773851866864 23.2012905159118 23.3285737703627 23.4497260318641 23.5633136007782 23.6687644112826 23.7655535732695 23.8602623137446 23.9578220720014 24.063682346322 24.180035127089 24.3069939318998 24.4446729464384 24.5935833283809 24.7514610279541
20.8799537800822 20.8812093659373 20.8742370397946 20.8588397263579 20.8511754612793 20.8536639101733 20.8691906654811 20.8956926122886 20.9321470959055 20.977956637221 21.0320713993892 21.0934931682231 21.1612731741763 21.2345105255043 21.3123512325637 21.3939877719531 21.4786591069494 21.5656510495937 21.6542968228189 21.7448720199632 21.8393738429712 21.9353857879116 22.0318672517354 22.1278294173633 22.2229974253677 22.3172326891172 22.4101060164027 22.5008875929992 22.5994096766257 22.7074259611491 22.8190663073406 22.9320189380832 23.0465303549761 23.1655007157525 23.2883274602413 23.4053353052673 23.5147135090994 23.6158937776184 23.7108613657359 23.8077894015941 23.9071880011246 24.0099907314173 24.1238229498851 24.2476499942768 24.3803679413606 24.5219751587643 24.67246846827
20.7722088538773 20.7563625314478 20.7475430806989 20.7348066423359 20.7251448241005 20.7278310590856 20.7443099249095 20.7734491057255 20.814132328642 20.8647961595392 20.9239681747711 20.9906423496735 21.0638627936126 21.1427219023269 21.2263589842297 21.3139593243735 21.4047536238695 21.4980177292241 21.5927426364636 21.6887468630468 21.7853177180448 21.8819947606081 21.978495817953 22.0745808900606 22.170050213253 22.264741828336 22.3585286836846 22.4521474649184 22.5551261518746 22.668218215922 22.7854738364478 22.9039819697308 23.0238769583196 23.1453033423251 23.266709330975 23.3789947812843 23.4829801274756 23.5791199921319 23.6751385543526 23.7761982998205 23.879249534105 23.9830533870585 24.0902151016283 24.2061112040579 24.3308929551396 24.4645840088523 24.6075157590109
20.6348520332153 20.616617698019 20.6137260377715 20.6135442985332 20.6102892512231 20.6175844890647 20.6387884871874 20.6727179666962 20.7182550544805 20.774343698508 20.8399269230875 20.9133040306591 20.993301538655 21.0790101089259 21.1695644203596 21.2631573717884 21.3583132757023 21.4544739692948 21.5501031871436 21.6458081678169 21.7420828901355 21.8385953310054 21.9350545587127 22.0312091773995 22.1268454240008 22.2217849169709 22.3158820790022 22.4092760241056 22.5106632056167 22.6242507626761 22.745290309192 22.8684618339557 22.9928911755845 23.1186957912579 23.2445791543652 23.3629655715716 23.4712299875833 23.5717797989332 23.6708285879737 23.7701841329921 23.8704597037554 23.9713829613219 24.0728259037216 24.1802537725325 24.2965563609181 24.4217795424512 24.5571446303607
20.5126871770562 20.4923926306502 20.4905694201633 20.5015018676908 20.5100931475977 20.5234380186304 20.551394651081 20.5921147552084 20.6443653236199 20.7070963878264 20.7793161950462 20.8600879348064 20.9472620038788 21.0380084872452 21.1316102725325 21.2274305023921 21.3248742542353 21.4217500498056 21.5166977136087 21.6123020882465 21.7085157506881 21.8050050953609 21.901475467636 21.9976695414226 22.0933654504844 22.1883746738234 22.2825396929496 22.3757314552307 22.4745392205878 22.5863319567174 22.7081211035909 22.8347551660527 22.9646544753203 23.0969026266977 23.2278129360847 23.3476565871689 23.457284781224 23.5643441940126 23.6695002999783 23.7727810688693 23.8742099164594 23.9738046709361 24.071680735904 24.1707456496498 24.2779575184601 24.3941012181204 24.5216122301591
20.4269183831308 20.4123270479055 20.4147251839723 20.432440996938 20.4525243566923 20.4713595003841 20.5022939266642 20.5468702914713 20.6037994815714 20.6716388451644 20.7473195381924 20.8295052201532 20.9173938460248 21.0101847431973 21.1063212444091 21.2048521000819 21.3033478341409 21.3997115725852 21.4948689145458 21.5910826946153 21.6880971041349 21.7856478161996 21.8835294713227 21.9815942028234 22.0797499094414 22.1777426846539 22.2748440098441 22.3707986441913 22.4691286947333 22.5786660306387 22.6977422382218 22.8199715933478 22.944674362418 23.0716808413362 23.1978886909931 23.3150018524973 23.4295475555973 23.5419621958304 23.6520904469422 23.7599534726461 23.8655706973354 23.9689589589338 24.0701316228382 24.1691180139734 24.2711170781404 24.3806376304589 24.5010394984244
20.340653289955 20.3380424338063 20.351940502791 20.3809327521729 20.4197834395948 20.4559613613998 20.4974851024283 20.5510354619779 20.613382393144 20.6835107117571 20.7606407376059 20.8440413341325 20.9330271384098 21.0269559698232 21.1252264606399 21.2249079109409 21.3230052245518 21.4190222674497 21.5145048167866 21.6110974977621 21.7083894274601 21.8060016505857 21.9035858590399 22.0008228330034 22.0974207742902 22.1931135302318 22.2876587207851 22.380835795001 22.4738478746963 22.5762704542271 22.6890595770935 22.8057352988944 22.9245880986983 23.0454405114817 23.1642525679016 23.2797597948847 23.3942361532523 23.5075567883775 23.619598033596 23.7302368604301 23.8387726020525 23.9446574749304 24.0479054777106 24.1485296012106 24.248134613298 24.3545414885023 24.472003751279
20.2519483406805 20.263886031937 20.2917079090616 20.3340248752809 20.3905582895612 20.446613377653 20.4981691336813 20.5576692979953 20.6252259916207 20.7000326632108 20.7813354594938 20.868429518755 20.9606555481611 21.0573967473128 21.1566537274933 21.2557121575844 21.3537280653797 21.4493314659537 21.5445285884789 21.6404835978964 21.7368006126166 21.8331144396941 21.92908911886 22.0244163794045 22.1188139937773 22.212024028098 22.3038110060227 22.3939600174482 22.4823843509176 22.5768266435414 22.6818936803353 22.7924096061884 22.9047720621518 23.0189517958916 23.1347569384246 23.2493279512352 23.3625339162928 23.4742464877217 23.5843400959228 23.6926923000344 23.799184214562 23.9037009268984 24.0061318175623 24.106370694184 24.2042678225283 24.3065358570742 24.4197197009545
20.1621917707112 20.1910845387867 20.2350931372622 20.2927077152923 20.3622957056158 20.4335941076248 20.4961959507893 20.5630309004584 20.6372201697865 20.7179927897001 20.8046310644213 20.8964658293078 20.9928723162761 21.0923209146582 21.1916167833775 21.2901456511368 21.3874931831236 21.4831228867307 21.5783174777096 21.6738393577895 21.7693119553715 21.8643879564058 21.958747922358 22.052098794273 22.1441722652589 22.2347230239513 22.3235268917442 22.4103788954474 22.4950913330931 22.5810944154109 22.6769500055522 22.7804526259769 22.8858033776434 22.9980479626655 23.1123052047491 23.2249768277489 23.3359255873791 23.445017452713 23.5521223751164 23.6571152322133 23.7598768476052 23.8602949780124 23.958265156632 24.0536912843269 24.1464858678524 24.2411438805622 24.3467893349674
