pm10_modal.txt
NCOLS 541
NROWS 200
XLLCORNER 12.09692
YLLCORNER 48.55814
CELLSIZE 0.0125
NODATA_VALUE -9999
[rows 84 to 104 of 200, columns 141 to 187 of 541]
28.1714990587367 28.2860032028912 28.3996988426596 28.5120523902728 28.6228013984741 28.7316724568167 28.8383669438519 28.9425491674285 29.0438287186651 29.1417350648995 29.2356830803385 29.3249314972893 29.408545530353 29.4853941152648 29.5542371555322 29.6145165819819 29.6673487972401 29.7128135630342 29.7515730898944 29.7848031806881 29.8137364709565 29.8394512761124 29.862255144396 29.8822183236555 29.8998182956601 29.9154017247599 29.9292176569803 29.9414363645404 29.9521493458706 29.959736666953 29.9606978664473 29.9543611702813 29.9395390994757 29.9138358741643 29.872987182899 29.8123436729007 29.7296152575993 29.6285275368713 29.5164672058046 29.4010347100271 29.2869160459387 29.1793639602266 29.0842174115018 29.0041836802752 28.9404838560383 28.8911007307848 28.8456890160042
28.0961075793725 28.208217176831 28.3197285776077 28.4301604402982 28.5392978240191 28.6469199073188 28.7527896228461 28.8566421534438 28.9581658477859 29.0569706348849 29.1525360928818 29.2441280288267 29.3306735360327 29.410609086302 29.4818123732882 29.5431406993442 29.5941864740376 29.6351060574776 29.6676643904651 29.6940006543185 29.7160751615994 29.7353067004194 29.7526257528109 29.7679900689319 29.7813260827483 29.792865908664 29.8027284163002 29.8109338813787 29.8172586239951 29.8181226201721 29.8116251034486 29.7970074763284 29.7731288954738 29.7384274077532 29.690885381473 29.628577452101 29.5514305429774 29.4613970049362 29.3615106137433 29.2550571176782 29.1471702921724 29.0430115195811 28.9465746317456 28.8584514069511 28.7788868116031 28.7045849934538 28.6260195631228
28.023081499229 28.1325227585329 28.2415329104651 28.3496708823906 28.4567621615217 28.562635156912 28.6671155673898 28.7700201221489 28.8711450382965 28.9702444746818 29.0669890571491 29.1608824125191 29.2510848373161 29.3360311876112 29.4128228069585 29.4779243082412 29.5264988590969 29.5591413252281 29.5814991462122 29.5983931904937 29.6123654579199 29.6245935898627 29.6357413826664 29.646130929819 29.6552372462006 29.6627360934089 29.6685983193849 29.6727134106274 29.673709861166 29.6677922283099 29.6542353278469 29.632385557407 29.6014419784904 29.5605307543049 29.508889949449 29.4458368970629 29.3713265031496 29.286193051336 29.1921554541197 29.0925136835191 28.9901536605664 28.886747802456 28.7865357550129 28.6921034639346 28.6023238230359 28.513809950694 28.4220999432201
27.952032855836 28.0584529090455 28.1645449051517 28.2698879492742 28.374331577494 28.4777350846584 28.579965297207 28.6808959889567 28.7804062850421 28.8783771095194 28.9746834742265 29.0691767009776 29.1616378287511 29.2516280296096 29.3384589680413 29.4172450243879 29.4612270672865 29.4756575086311 29.4840220685323 29.4909901304875 29.4975146621312 29.5038588629241 29.5099365757036 29.5156732828267 29.5209882268296 29.5250897545624 29.5275067442951 29.5279847969977 29.523188406893 29.5111453637409 29.4914333114074 29.4635730359374 29.4270626186299 29.3814476448108 29.3264305613286 29.2619934604974 29.1878252777422 29.1039833679501 29.0124403511418 28.9162714794301 28.8170961428901 28.7170575632878 28.6187515688357 28.522666333917 28.4275926933806 28.3322002245284 28.2347136042374
27.8826655634661 27.9857766238502 28.0884767101662 28.190450116336 28.2915470627301 28.3916279198011 28.4905597819153 28.5882157035219 28.6844730488435 28.7792101456786 28.8722993303382 28.9635912016807 29.0528734999356 29.1397551428185 29.2244681429874 29.3017067688087 29.3430665458182 29.3542706135827 29.3597917315604 29.3639651544941 29.3676208259174 29.3709756720098 29.3740693065646 29.3768360453587 29.3790312548115 29.380494898712 29.3804050103343 29.3771593832589 29.3671414269486 29.3498222465864 29.3248848403833 29.2920049693911 29.2508824673631 29.2012874782088 29.1431171796568 29.0763821095396 29.0007923557317 28.916944375968 28.8274829031795 28.7346919360039 28.6394175984273 28.5429313361906 28.4478219331025 28.3532669986413 28.2584464343471 28.1624675414523 28.0658993148128
27.8034397092332 27.9051301312517 28.0062808930215 28.1063912420543 28.2052379648365 28.3026001106129 28.3982491904232 28.4919423299228 28.5834448394933 28.6728696827086 28.7599919052811 28.8443044429017 28.9249603362449 29.0007295008762 29.0702989900033 29.1285336385309 29.1698463628282 29.1948198689968 29.209257071739 29.2179834425253 29.2235610587811 29.2272219806046 29.2295557335912 29.2308347022014 29.2311607193786 29.2304807120635 29.2284625893369 29.2212340419702 29.2068337523593 29.1850577050789 29.1556929713503 29.1185354944675 29.0734133837929 29.0202146305481 28.9589142818696 28.8892028989522 28.8120583521327 28.7308194065136 28.645588777503 28.5567607982865 28.4653424572392 28.3721421800924 28.2793168712053 28.1873850084199 28.0956317280595 28.0046464961213 27.9138886396948
27.7071746474532 27.8070425852218 27.9063870653676 28.0046661257594 28.1016182477438 28.1969785656205 28.2904594818266 28.3817378516941 28.4704348160988 28.5560835392905 28.6380771252694 28.7155854049535 28.7874296062056 28.8530336209971 28.911754737827 28.9615608304832 29.0007418680758 29.0293788088904 29.0492211320476 29.0625357436894 29.0712276243804 29.0766202358191 29.0795550450894 29.0805401191521 29.0798642592671 29.0776716399944 29.0726448110403 29.0615633326135 29.0435087368663 29.0179621663055 28.9848020133584 28.9439147185508 28.8952117311425 28.8386462945779 28.7745732009559 28.7045630131728 28.6305082237139 28.552731662769 28.4711950887939 28.3864206472489 28.2990583952533 28.2092592048595 28.1190568020991 28.0313645789867 27.94608425227 27.8617595285789 27.7778499956793
27.594829405498 27.6925465680286 27.7897133236317 27.8857439886165 27.980332719006 28.0731723042988 28.1639250536042 28.2522010711054 28.3375427994898 28.4193985034712 28.4970862058779 28.5697509628296 28.6365540578092 28.6979128736439 28.7527963044261 28.7999367574688 28.8385168975271 28.8684367522864 28.8903947234444 28.9061857346036 28.9170818818154 28.9240540745884 28.9278520332534 28.9290139529318 28.9279046089236 28.9244737787543 28.9155551179111 28.9002243504194 28.8784482955841 28.8496457606935 28.8131603067137 28.768943430267 28.7177910642873 28.6605227143131 28.5976525311342 28.5305992425362 28.4595632703855 28.3847728497669 28.307143773391 28.2266561860199 28.1433057417727 28.0585680763452 27.9742853448121 27.89240407642 27.8128925995008 27.7357328116694 27.6597349796277
27.4688058585973 27.5643931277168 27.6593343627765 27.7530496590528 27.8451813810746 27.9353872810624 28.0232896627283 28.1084638054278 28.1904238202682 28.2686064913522 28.3423552331821 28.4109093077456 28.4743930587733 28.5331408204956 28.5862774579378 28.6330534641953 28.6729821093319 28.7059265742692 28.7320926698046 28.7519316357726 28.7660058529142 28.7748733489088 28.7791587928132 28.7802282274564 28.7786111861084 28.7725080541522 28.7596848410262 28.7402110305521 28.7141170955266 28.6815153955722 28.6432022554319 28.5988478742934 28.5483446433333 28.4926976131779 28.4327544820777 28.3686316668698 28.3005574840935 28.2295326049549 28.1560126253999 28.0809526405655 28.0049813936083 27.9282060956442 27.851386234771 27.7768596250067 27.7048597579517 27.6354067724339 27.5684541586916
27.3322926651884 27.4261383651347 27.5191942967373 27.610825343633 27.7006413217695 27.7882876368321 27.8733566881807 27.9554225138273 28.0340172254591 28.1086952662217 28.1789208605967 28.2442706970273 28.3057038893005 28.3628845270546 28.4151986341588 28.462135195393 28.5033437554906 28.5386689559108 28.5681481610849 28.5919732680649 28.6104319152421 28.623847566861 28.6325323137787 28.6367572373347 28.6359584499657 28.6270399919862 28.6103039640764 28.5872823334035 28.5589087794036 28.5252910280887 28.4865133345738 28.4424921046118 28.3940733175572 28.3416608680616 28.2850838916659 28.2246562204832 28.1613146812894 28.0959404687767 28.0299225132714 27.9634216837272 27.8962408547605 27.8281434258184 27.7595257164134 27.6927781041879 27.6285365779503 27.5668797946576 27.5080402981449
27.1889625485274 27.2808858549803 27.3719540809964 27.4615430902805 27.5492187676933 27.6346294726509 27.7173977024288 27.7971159273951 27.8733432009294 27.9455869779452 28.0133301971009 28.0771171255655 28.1375166532179 28.194042448797 28.2462503093443 28.2937701753261 28.3363337484389 28.3737902966589 28.4061058968256 28.4333464196733 28.4556494343355 28.4731999728487 28.4861951567673 28.4946613263848 28.4959658659179 28.4899612488439 28.4768541696284 28.4567098461492 28.4295712147436 28.395793036074 28.3568068318719 28.3144560180929 28.2690973657678 28.2197180672163 28.1666047864513 28.1110072178461 28.0542392119822 27.9965586343873 27.9381669776644 27.879270346195 27.8200075924538 27.7599802790194 27.6992433519106 27.6398424074578 27.5829318335431 27.5286690626191 27.4790982263341
27.0400163403147 27.1300066035739 27.2190805573673 27.3066592524013 27.3922573191526 27.4755333098426 27.5561265501735 27.6336552714342 27.7077160202879 27.7778850733409 27.8440596131031 27.9073822854435 27.9676429187999 28.0244346104398 28.077401354236 28.126243826671 28.1707301072802 28.2107038550982 28.2460842705638 28.2768579222613 28.3030644328615 28.3248775659569 28.3432424471144 28.3565933899519 28.3627269692113 28.3617137211909 28.3535545696288 28.3382419939193 28.3158249598293 28.2866863634113 28.2525019637805 28.2135204274177 28.1696498817486 28.1231395127714 28.0753899002912 28.0263597567378 27.9762639103494 27.9253133513049 27.8736533262671 27.8214167893964 27.7688059464806 27.7157497811355 27.6616723396012 27.6073755313452 27.5549355773521 27.5070271129734 27.4626017491123
26.886610346512 26.9746882008683 27.0617907617697 27.1474240004609 27.2310390480908 27.3123112138314 27.3909031196367 27.466463437039 27.5386274285478 27.6070447209188 27.6726491267462 27.7358246952197 27.7962325291554 27.8535499223016 27.9074812688693 27.9577684567693 28.0041976972621 28.0465926640496 28.0849544436485 28.1199731550524 28.1516708780262 28.1800696566086 28.2043465871659 28.221593898865 28.2316336187726 28.2345145411886 28.2302812103293 28.2189718594137 28.2013762551582 28.1788822044548 28.1515719217291 28.1199465584895 28.0852246186046 28.0476806157826 28.0074459990788 27.9650585048438 27.9215517109185 27.877155885203 27.8318585644153 27.7854701098751 27.738132493423 27.6898819498029 27.6402918245433 27.5897944661524 27.5432590057742 27.5003230126252 27.4601442480206
26.7298628306831 26.816060339766 26.9012338179238 26.9849816324727 27.0667127887733 27.1461096965883 27.2228615762924 27.2966488946413 27.3671441430993 27.4346274841428 27.5001551972683 27.5634818213363 27.6243175266522 27.6823852978688 27.7374113995198 27.7892376746427 27.8382167177008 27.8842753367137 27.9273583930741 27.9674438976508 28.0045389584343 28.0383220497612 28.0657995168142 28.0862747461686 28.0997522828281 28.1062422164832 28.1058195054589 28.0998504061075 28.0890729999771 28.0743109516859 28.0565672060854 28.0361371233813 28.0128127953419 27.9866571494637 27.9574184968435 27.925083366543 27.8896444832416 27.85063474163 27.8095113400912 27.7672043439928 27.7238779302167 27.6796958259474 27.6345882842859 27.5904002384862 27.5491384201692 27.510098175963 27.4729967216545
26.5706443827044 26.6551876134897 26.7384713635412 26.8203739151454 26.9003057134181 26.977935230473 27.0529798717902 27.1251518323963 27.1943358734008 27.2617312802989 27.3273249090641 27.3906838870045 27.4521088173503 27.5115426464158 27.5688280109317 27.6238252638034 27.6764159137662 27.7265049486333 27.7740217651905 27.8189196254663 27.8611166618046 27.8980652995027 27.9284155972776 27.9521143551138 27.9691180157608 27.9796979063756 27.9854115963905 27.9874641100395 27.9861087261925 27.9817488636866 27.974654257363 27.9643154099422 27.950676203839 27.9337962057138 27.9137329640264 27.8905424422395 27.8642794583186 27.8349981351113 27.8023945506421 27.7661602792277 27.7270118760408 27.6868426052435 27.6475561008854 27.6095743433816 27.5716105048319 27.5355024271868 27.5000069427435
26.4087097340336 26.4925497211204 26.5744733729829 26.6545471643542 26.7327367697361 26.8086747753261 26.8820428362095 26.9523469813768 27.0209035512876 27.0884350420594 27.1547877945916 27.2198080912421 27.2833441748322 27.3452487987294 27.4053821264122 27.4636177653611 27.5199198568581 27.5742167993193 27.6264128126978 27.6764303606409 27.7222783138387 27.7618770911133 27.7949746310267 27.8214396915715 27.8425175147545 27.8599590933001 27.8738026733647 27.8842483764795 27.8919397345992 27.896972028698 27.8991389189404 27.8979880506046 27.8935557486074 27.8858912604672 27.8750394416416 27.8610482712712 27.8439672326553 27.8238461328197 27.8007355476336 27.7745973741831 27.7449467085573 27.7125346529622 27.6790771853138 27.6438838976106 27.6065515974161 27.5690610212047 27.5310440397552
26.2447620774655 26.32790078013 26.4091221998022 26.4881905454578 26.564793117784 26.6391356157342 26.7112085125079 26.7814598659571 26.8510221548872 26.9198145692929 26.9877135857414 27.0545811002179 27.1203486330911 27.1848972656929 27.2480690658706 27.3097137192286 27.3696863003878 27.427849737924 27.4840770214708 27.5369336424307 27.5838418516114 27.624685959307 27.660367058461 27.6923645489264 27.7209094183836 27.7460036070022 27.7681687160516 27.7876917837676 27.8045989224666 27.8189097693822 27.8301723824557 27.8381474812626 27.8428741451969 27.8443922928349 27.8426641863135 27.8375866675604 27.8291731858307 27.817462680316 27.802562907917 27.7847210999486 27.7641060095856 27.7419645037349 27.7156339722623 27.6847291620603 27.6481028271511 27.6086751157815 27.5686328187189
26.0791313907904 26.1618854356581 26.2426801030413 26.321356871938 26.397694709984 26.471272337326 26.5424655323937 26.61304161329 26.6832024764421 26.7529339521766 26.8221167213332 26.8906288780563 26.9583398813907 27.0251107327705 27.0907954267869 27.1552435385568 27.2183035873836 27.2798266712665 27.3387795846709 27.3930281425119 27.4425688189663 27.4881704556163 27.530595518763 27.5697894911372 27.6059286737004 27.6394537079313 27.6703602660256 27.6986412215356 27.7243169085434 27.7473072329744 27.7670422822843 27.7834277996659 27.79647970903 27.8062156283785 27.8127059532498 27.8161716457171 27.81667369001 27.814215041104 27.8078108619475 27.7966731722198 27.7837938120933 27.7679472794355 27.7481091871353 27.7229764880355 27.6917931314533 27.654750591161 27.6139158053905
25.9080277532944 25.9901189764626 26.0702350486496 26.1482700149062 26.2241095978806 26.2975740273638 26.3698100433249 26.4412469912304 26.512314648141 26.5831552552002 26.6536850044396 26.7238067908436 26.7934070290811 26.8623543802622 26.93050089174 26.9976995745961 27.0643598184221 27.1299974785273 27.1917872270373 27.2495746552679 27.3044264402357 27.3563502918943 27.4053186974803 27.4518013309321 27.4958663651238 27.5374766195895 27.5766038508408 27.6132272908522 27.6473322932017 27.6787538482872 27.7070902793064 27.7323440712058 27.7545406811154 27.7737085003815 27.7898145790232 27.8021261845221 27.8102951869793 27.8137165047965 27.8122741159939 27.8080948772103 27.8019009460885 27.7915521433376 27.7762622991909 27.7559388333212 27.7302590495617 27.6981163843405 27.660956558146
25.7266656157776 25.8080321067832 25.8875678252106 25.9652580517185 26.0410207961792 26.1155989232481 26.1895190788925 26.2627599960667 26.3353033441652 26.4072330541152 26.4790274284588 26.5506905561405 26.6221876882027 26.6939717950971 26.7660758198074 26.8383712610351 26.9102125586292 26.9788522242781 27.0448090326295 27.1083095747294 27.1692149103658 27.2278365994292 27.2843328547443 27.3387141767441 27.3909517147352 27.4410097546187 27.4888632933314 27.5344962718072 27.5778994350291 27.61865255453 27.6564047777795 27.6909520533515 27.7216445838121 27.7484050503558 27.7711231348011 27.7892132481321 27.8025190087061 27.8109931086353 27.8155943077251 27.8189838740992 27.8180397917446 27.8121602465291 27.8012788782208 27.7853325908384 27.7639557352329 27.7363413379219 27.7021133042039
25.5362320708446 25.6172727958825 25.696437270458 25.7737990039755 25.8499734991013 25.9259052344125 26.0013142009992 26.0761852230537 26.150545889581 26.2246844501471 26.2990365072811 26.3738574464326 26.4495657443213 26.5261201620962 26.6034223332891 26.6808873949325 26.7565385659 26.8304295508403 26.9023601417685 26.9724509890516 27.040912296869 27.1076307445026 27.1725130076203 27.2354840524893 27.2964846522915 27.3554689844224 27.4124024552991 27.4672128395801 27.5192877343346 27.5678617244817 27.6126837745425 27.6537028240096 27.6907984355477 27.7234031219195 27.7513533253634 27.7745876375434 27.7930484588813 27.8069108803905 27.8192973932635 27.8277851046371 27.8314035242937 27.8300745183003 27.8235864413575 27.8114371068654 27.7927871975551 27.7670975668572 27.7338272194165
