pm10_modal.txt
NCOLS 541
NROWS 200
XLLCORNER 12.09692
YLLCORNER 48.55814
CELLSIZE 0.0125
NODATA_VALUE -9999
[rows 105 to 125 of 200, columns 235 to 281 of 541]
22.6087262337478 22.4920946472518 22.3824549247407 22.2822678928212 22.1905449833646 22.1044244581159 22.0236784530345 21.9482172087945 21.8779165781321 21.8126308286444 21.752181331148 21.6963668767368 21.6449714767174 21.5977694114781 21.5543689690549 21.5139212701104 21.4762883181137 21.441240335421 21.4085512854361 21.3776075069398 21.3479288105753 21.3194889954983 21.2929407211688 21.2682591960808 21.2439076871569 21.2169562386744 21.1894096802392 21.1614768669991 21.133078996433 21.1042161452952 21.0748404934894 21.0445612864665 21.0133098210212 20.9809340228078 20.9464303746138 20.9081866131928 20.8663908257948 20.821951881529 20.7750370091661 20.7259906658933 20.6777496186273 20.6315304029909 20.5870594757533 20.5443651727254 20.5032866298132 20.4636168324641 20.4247531252203
22.4925878162623 22.3735475032582 22.2601819189923 22.1562730321579 22.0620962750933 21.9749580394122 21.8936195465285 21.8179600698474 21.7478157097433 21.6829859912522 21.6232411258868 21.5683336880537 21.5180096043211 21.4719963838247 21.4300186066928 21.3917767288027 21.3562282237804 21.3228979927579 21.2918503884787 21.2625322952176 21.2351400340297 21.2097761409935 21.1862804893249 21.1638017368764 21.1392935123136 21.1143202480066 21.0889413205813 21.0630314648541 21.036517389596 21.0093950907805 20.9814162494212 20.9523387023381 20.9219966728316 20.889482738952 20.8531541313549 20.8133096354527 20.7708620561509 20.7259809651995 20.679366726295 20.634177378256 20.5912097160605 20.5503261469318 20.51160426499 20.4749212236357 20.4401090518986 20.406970128308 20.3751235552348
22.3738445108342 22.2522806800888 22.136119338759 22.0284715281353 21.9311869655015 21.843121548771 21.7614892931551 21.6860026020869 21.6164475632473 21.5525667798267 21.4940696726802 21.440642786073 21.3919594438199 21.3476886766869 21.3075125173194 21.2711156619796 21.2381904376248 21.207904741755 21.1798878026402 21.1541317687025 21.1304250462405 21.108591540774 21.0879899708616 21.065455557004 21.0422181346326 21.0190769745209 20.9959017486759 20.9722112267638 20.9477594267398 20.922473721325 20.8960415004746 20.8682318341774 20.838260803215 20.8044121092898 20.7669340193054 20.7267369590769 20.6840349114857 20.6398733176215 20.5974263324423 20.5573307070633 20.5195953722275 20.4843724356289 20.4516017309893 20.4211284203519 20.3927566176988 20.3663063508506 20.3414681988712
22.2531921930022 22.1289389275544 22.0106913666967 21.8995917674968 21.7991826650911 21.7095745367572 21.6279884553101 21.5530978377177 21.484621492823 21.4222263710741 21.3655424999462 21.3141774501246 21.2677293484178 21.2257978272484 21.1879926586375 21.1539401077613 21.1237123522451 21.0975271336689 21.0747730512753 21.0541053260508 21.0348217835795 21.0164837532212 20.9963603476524 20.975196242061 20.9540743854492 20.9328602024548 20.9114383630315 20.8897124935616 20.867458416557 20.8440401057455 20.819105732814 20.7920061725054 20.7609808221183 20.7261652663486 20.6884683273477 20.6481772354046 20.6065611113609 20.5667513695002 20.5293704214021 20.4944765014025 20.4622172937192 20.4326195352985 20.4056765644692 20.3813362725818 20.3594920115458 20.3399785032573 20.3217474204549
22.1307850085058 22.0035988317978 21.8831857609191 21.7697719510287 21.6663383730834 21.5745683578505 21.4932825854319 21.4195010393825 21.3526934376348 21.2924243532501 21.2382190192627 21.1895838670108 21.1460239937905 21.1070568689001 21.0725875382187 21.0427174447315 21.0170764408395 20.995324917034 20.9771607768476 20.961940162399 20.9477574325672 20.9313724291071 20.9131277230488 20.894461140685 20.8756739664821 20.8565852340462 20.837082088958 20.8170719888763 20.7964253219534 20.774610103373 20.7507664805926 20.7229944850642 20.6911862035604 20.6562440750985 20.618535335606 20.5794424347572 20.5419781922336 20.5067711450051 20.4739690286495 20.4439111064567 20.4167504225156 20.3926027589586 20.3715428710837 20.3535824839846 20.3386534463769 20.3260200525894 20.3133957560036
22.0068139220189 21.8763376816564 21.7535648870249 21.6387381485581 21.532778492019 21.4390412308328 21.35756144925 21.2855299450902 21.2211201799866 21.1637546026822 21.1128178681975 21.0676861468589 21.0281381958721 20.9940567132869 20.9649295583462 20.9402908722477 20.9197228630082 20.9028545645209 20.8893590707799 20.8785613988916 20.866785551662 20.8531924257521 20.8389763304106 20.8239547624732 20.8079582563665 20.7910775300458 20.7736498484276 20.7554953318915 20.7361919841542 20.715037563274 20.69057960465 20.662204563344 20.6304164492364 20.595562622711 20.5589450342188 20.5234920499756 20.490111396654 20.4589793006174 20.4305101130446 20.4049681332302 20.3826096596823 20.3636980395101 20.3484746135497 20.3370486784335 20.328848092096 20.3216619336 20.3157531754643
21.8815575939296 21.7472654851135 21.621821416348 21.5055662906697 21.3986119279529 21.3033157134731 21.2214052359654 21.1516246148598 21.0905331824566 21.0370331186088 20.9907941931062 20.9513432161952 20.9179576523191 20.8899768189809 20.8668093717353 20.8479341685897 20.8328969496883 20.8213047250117 20.812499230142 20.8033558993151 20.7934946530026 20.7841270742352 20.7741340245081 20.7630832493575 20.7508138641878 20.7371843673508 20.7220740200047 20.7056485545044 20.687353881702 20.6659294195877 20.6403335702156 20.6112745717451 20.5792207493778 20.5453338424145 20.5120629922194 20.4805628729169 20.4509790973276 20.423744794159 20.3992396570316 20.3778385913306 20.3599603036004 20.3460491887736 20.3365098161271 20.3309800886901 20.3278893666375 20.3268611290633 20.328376755982
21.7554624792785 21.6165685050034 21.4879538762041 21.3701327711268 21.2632721229925 21.1676509730854 21.0861249587533 21.0185036549249 20.962570919166 20.915515635907 20.8762956490141 20.8439360816999 20.8175588343749 20.7963943715713 20.7797808356751 20.767155935582 20.7580455226886 20.7516175318165 20.7448044385478 20.7378111875347 20.7315180700188 20.7255411693749 20.7196335403025 20.7126941567076 20.7042675549984 20.6942366092922 20.6824495586432 20.6680898344435 20.6500892335121 20.6274912563445 20.6011188664224 20.5714377442139 20.5397343623848 20.5084854224754 20.4791086422684 20.4514531674415 20.425730599596 20.4022439060116 20.3813381458086 20.363494846887 20.3493447081487 20.3396422957082 20.3344582694578 20.3331119310992 20.3350798734974 20.3411900083961 20.3508681423255
21.6293003488737 21.4845995074678 21.3519963072133 21.2323311786167 21.1258958842295 21.0325815665852 20.9536196004552 20.8904993985536 20.84152601389 20.8026417190076 20.7717024870288 20.7474909549906 20.7289722591671 20.7152868582191 20.7057305346667 20.6997303075179 20.6961803020143 20.6920708813994 20.6878586964784 20.6847300735463 20.6821165563925 20.6795235827977 20.6767916448804 20.6737210870491 20.6692342969477 20.6628422495593 20.6537895498893 20.6412429381219 20.623432365717 20.6006618159501 20.573776963929 20.544695950144 20.5155393469544 20.4879692458781 20.4620539459267 20.4380169394248 20.4160379907143 20.3959944577202 20.3781370819598 20.3630059740756 20.3514267444646 20.3438559786016 20.3406348771552 20.3422112492159 20.3501960205133 20.3640794018678 20.382481490864
21.5044987154785 21.3520812065138 21.2141230067144 21.0925853033858 20.9882002156933 20.9004398584016 20.8279477172745 20.7715426482849 20.7302413478004 20.7010857670229 20.6798034867615 20.6647672743687 20.6548320594437 20.6491081284465 20.6469074688397 20.64671557248 20.6457370134653 20.6447478669629 20.6447117926174 20.6454001809433 20.6464145816354 20.6471717714136 20.6475285811478 20.6472762391646 20.6461145491051 20.6426655944675 20.63586948594 20.6241846296654 20.6070956509049 20.585491325843 20.5605556637565 20.5342229866939 20.5089430393779 20.4852969563499 20.4631570852637 20.442675027211 20.4238763759662 20.4068526854821 20.3917603436537 20.378693308409 20.3676760927267 20.3589890390601 20.3541373523342 20.3574396679154 20.3715530322606 20.3948138906873 20.4235094387351
21.3841816642105 21.2218105571029 21.0773435011608 20.9538557660999 20.8527039173028 20.7728550913566 20.7113621867615 20.6651671361786 20.6338707742848 20.6149662026802 20.6045848791901 20.5994558178234 20.5984613156214 20.6007994650217 20.6043774683712 20.6069211362972 20.6095326137436 20.6128929893643 20.6167943230403 20.6210680888177 20.6254751136713 20.6292698878982 20.6321998325279 20.6341885474369 20.63500466587 20.633840632909 20.6287346055441 20.6180926639135 20.6025991417442 20.5834300486931 20.562301443909 20.5413394859892 20.5209955000369 20.5013677702572 20.4834167088378 20.4669726112474 20.4518946090291 20.4381610132242 20.4257395558537 20.4139503360403 20.401684504877 20.3885661958078 20.3771189392165 20.3767104152953 20.4006924000024 20.4383049234144 20.4783057984075
21.2771470428723 21.1005513724482 20.9446363095939 20.8164930462494 20.720097928549 20.6529108957091 20.6079123654521 20.5779923798343 20.5594228489719 20.5513493132075 20.5515120908669 20.5562309838641 20.5637397348169 20.5713564100529 20.5776779485426 20.5840579242839 20.5909076229315 20.5980678313338 20.6054073084331 20.6126509183272 20.6196082905942 20.625762069542 20.6308872658104 20.6348812281629 20.6372347007044 20.6373451852393 20.6333326588679 20.6244000496443 20.6114763474355 20.5960537441482 20.5803094346224 20.5652034135829 20.5506780804274 20.5368670611851 20.5237221358484 20.5116334906978 20.5009242288276 20.4912591242567 20.4821129197504 20.4720317771816 20.4604739025902 20.4476230718086 20.4347827197918 20.4289595388996 20.4642077809652 20.5104131724084 20.5555622612773
21.1982441879743 20.9995212067835 20.8209489589804 20.6801945402542 20.593328566575 20.550276852004 20.5302663321278 20.5211795420843 20.5176317354493 20.5197045641019 20.5276677200997 20.5400176863827 20.5515587660867 20.5614887638579 20.5713629372335 20.5813882927701 20.5914786020913 20.6013893959256 20.6109789781565 20.6202063778719 20.6290335319448 20.6371580590754 20.6442994075251 20.6499997159801 20.653703303288 20.6541460758468 20.6506820850995 20.6441141315749 20.6346833454744 20.6244117001946 20.6147770693934 20.6057307900851 20.5972799513661 20.5894588374939 20.5821980432174 20.5754406745134 20.5693831997532 20.5646138663593 20.5594711910636 20.5536512066411 20.547607797932 20.5434571351574 20.5442294463892 20.5555194011479 20.5812527636355 20.617528976521 20.6585621695035
21.1737219934987 20.9538960650483 20.7387583462828 20.546509038039 20.4967927823665 20.4996931175988 20.5064004161326 20.513816186305 20.5214458355507 20.529539153464 20.5400752210815 20.5517187842755 20.5639592453804 20.5761549099175 20.5882974421837 20.6002114042966 20.6117654864294 20.6229535062477 20.633765607742 20.6442575205253 20.6544878273139 20.664291388028 20.6729579548697 20.6797785200544 20.6842296220932 20.6847436536725 20.6821782889641 20.6777250395082 20.6727415262256 20.6681115860267 20.6641693268484 20.6609212425323 20.6584862173732 20.6567980445408 20.6558204238823 20.6555768832644 20.6559250287507 20.6553970159679 20.6546637865713 20.6542062450928 20.6554331466563 20.6598003004183 20.6692925663037 20.6857388493743 20.7100283597493 20.7412732424118 20.7805168179582
21.2295183432785 21.016723153573 20.8172059969503 20.657847590334 20.5852895181039 20.5684359537115 20.56762775948 20.5720189325423 20.5786004955698 20.5843755131664 20.5886279770961 20.5951410573025 20.6051761020834 20.6170343544062 20.6287735835146 20.6403588788577 20.6517664879504 20.6630628345755 20.6742942445071 20.6854332694897 20.6964505125339 20.7072097284778 20.7165381116956 20.7239190885648 20.7279058232246 20.728429584921 20.7268602847169 20.7247529438499 20.7239612517711 20.724863093976 20.7266197067447 20.7293829757545 20.7331213281586 20.7377854634582 20.7433658798023 20.7497706049545 20.7555670427804 20.7603278130383 20.7641245829679 20.7688628255236 20.7760484233353 20.7863160738917 20.8006599932262 20.8196408649358 20.8435777578148 20.8750420993368 20.9128446180801
21.3574394484665 21.1681988290347 21.0015273843569 20.8695671758689 20.7805064407373 20.7292135135589 20.7026799387294 20.6896059452566 20.6819850757605 20.6765186030008 20.6729780919328 20.6720536300093 20.6754518066863 20.682767719146 20.6918117213247 20.7013755419369 20.7113742944187 20.7216774005098 20.7321957523395 20.742852352679 20.7535757236287 20.7638525905243 20.7727684347853 20.7795035828412 20.7826964492336 20.7836961361224 20.783716409562 20.7845608009775 20.7878896119977 20.793800613078 20.8013737428749 20.8101749188333 20.8201286824752 20.831190876363 20.8431911709594 20.8549682685435 20.8656393960334 20.8751564499218 20.8845855198211 20.8944171322239 20.9054921457093 20.9197893548961 20.9368106387573 20.9570457242899 20.9832759041258 21.0150179865043 21.0517374921965
21.5287343959885 21.3580400601209 21.2086815107714 21.0855217312309 20.9909456808581 20.9232717876179 20.8760907728298 20.8425321748483 20.8179223029579 20.800385572027 20.7874898854474 20.7776288708969 20.7716291781062 20.7708754098557 20.7748061062741 20.7808707453967 20.7879605559476 20.7958714614409 20.8044901400725 20.8136878514115 20.8231685131806 20.8320189321187 20.8401095755905 20.8454168924253 20.8483101606277 20.8500070269635 20.8522364357432 20.8566559930113 20.8639998448589 20.8742675257465 20.8874310466546 20.9022386489854 20.9183716502401 20.9354994912629 20.9529160806815 20.9692475431167 20.984310149674 20.9989132279816 21.0133311432779 21.0278505758404 21.0437479879991 21.0598633320132 21.0783721770236 21.1017415651734 21.1293291711108 21.1610647386152 21.1969884016675
21.7225295667147 21.5638754407926 21.4237992888498 21.3045322203288 21.206413458697 21.1266771983139 21.0629429845301 21.0135458842188 20.9758393744921 20.9464032472821 20.9231448665149 20.9045412367307 20.8895585847556 20.8796004620805 20.8754909446433 20.8764560864755 20.8798314283983 20.8846997035504 20.8908119675322 20.8979409142212 20.9051671363084 20.9121417112534 20.9184203886726 20.9224268169341 20.925260983332 20.9283951295533 20.9332134160322 20.9412596104935 20.9525541046341 20.9672136610314 20.9852097174501 21.0059146938872 21.0278187030255 21.0505115830324 21.0723619547875 21.0929525963854 21.1128455306701 21.1321352789288 21.1511787833952 21.1709188017974 21.1895270301961 21.2084758018654 21.2298370981117 21.2542698587312 21.2821955169072 21.3134714479809 21.3480589482754
21.9264965758198 21.7757051255184 21.641033599392 21.5217871420364 21.4176399105799 21.3285580739946 21.2547186650633 21.1942324554608 21.1451314787409 21.1054097817794 21.0728887042251 21.0461454546517 21.0240333098675 21.0057115860567 20.9929605319193 20.9863422982596 20.9850353045405 20.9863789316492 20.9895882383903 20.9939694014223 20.9986461341392 21.003691586547 21.0076407120035 21.0109019202637 21.0140701740618 21.0187892950036 21.0266934500826 21.0382492182456 21.0534894447169 21.0724868393568 21.0949113549946 21.1203926785129 21.1478332954835 21.1750097475584 21.2010911345979 21.2263810603809 21.2508088890605 21.2752988006466 21.2994045508645 21.3216473786759 21.3435547602737 21.3665915148304 21.3903198070105 21.4150405331261 21.4419509148714 21.4716488112834 21.5038894168477
22.1351236881214 21.988634505449 21.853923137682 21.7316620207937 21.6233382751555 21.5290958857079 21.4479472687252 21.3788198651377 21.3205885712246 21.272033707582 21.231702130569 21.1977145134885 21.1690176072584 21.1447511653229 21.1243317394662 21.1097654239284 21.1014904239446 21.0986894230314 21.0985457265012 21.0996093435753 21.1016239095163 21.1042064221822 21.1063084372256 21.1089185116276 21.1132074084983 21.1201343814063 21.1311594346175 21.1462300040053 21.1654175916823 21.1883628161912 21.2148127530359 21.2445646754761 21.2764946044057 21.3080024149762 21.3388145368602 21.3688561649881 21.3996095626158 21.4286863629526 21.4556654307319 21.4818040830054 21.5078615315885 21.5334192892775 21.5586340839943 21.5836489289103 21.6088218345888 21.6353593773663 21.663909244496
22.3419376034385 22.1950239308138 22.0591822571028 21.9359905826718 21.8252752581267 21.7267281576201 21.6399284996866 21.5643116417657 21.4990067008216 21.4430636906145 21.3955855056525 21.3553849187232 21.3208865202361 21.2913005965112 21.2659622276237 21.2444669808522 21.2289393092763 21.2196366573081 21.2153261521523 21.2130100638749 21.2123229513349 21.2122188498268 21.2128580590691 21.2152630875885 21.2206498944878 21.2302417922173 21.2443897724648 21.2629529134072 21.2857702185308 21.3126063601591 21.3432297589049 21.3770664273331 21.4126354916581 21.4489600016753 21.4855228634647 21.5227508111014 21.5575916946892 21.590546312191 21.6222893664706 21.6529055782595 21.6819290467666 21.7091837420802 21.7347989711453 21.7590917007412 21.7823876734826 21.8049291545262 21.8281179471296
