pm10_max.txt
NCOLS 541
NROWS 200
XLLCORNER 12.09692
YLLCORNER 48.55814
CELLSIZE 0.0125
NODATA_VALUE -9999
[rows 21 to 41 of 200, columns 94 to 140 of 541]
-9999 -9999 -9999 -9999 -9999 -9999 -9999 -9999 -9999 -9999 -9999 -9999 -9999 -9999 -9999 -9999 -9999 -9999 -9999 -9999 -9999 -9999 -9999 -9999 -9999 -9999 -9999 -9999 -9999 -9999 -9999 -9999 -9999 -9999 -9999 -9999 -9999 -9999 -9999 -9999 -9999 -9999 -9999 -9999 -9999 -9999 -9999
-9999 -9999 -9999 -9999 -9999 -9999 -9999 -9999 -9999 -9999 -9999 -9999 -9999 -9999 -9999 -9999 -9999 -9999 -9999 -9999 -9999 -9999 -9999 -9999 -9999 -9999 -9999 -9999 -9999 -9999 -9999 -9999 -9999 -9999 -9999 -9999 -9999 -9999 -9999 -9999 -9999 -9999 -9999 -9999 -9999 -9999 -9999
-9999 -9999 -9999 -9999 -9999 -9999 -9999 -9999 -9999 -9999 -9999 -9999 -9999 -9999 -9999 -9999 -9999 -9999 -9999 -9999 -9999 -9999 -9999 -9999 -9999 -9999 -9999 -9999 -9999 -9999 -9999 -9999 -9999 -9999 -9999 -9999 -9999 -9999 -9999 -9999 -9999 -9999 -9999 -9999 -9999 -9999 -9999
-9999 -9999 -9999 -9999 -9999 -9999 -9999 -9999 -9999 -9999 -9999 -9999 -9999 -9999 -9999 -9999 -9999 -9999 -9999 -9999 -9999 -9999 -9999 -9999 -9999 -9999 -9999 -9999 -9999 -9999 -9999 -9999 -9999 -9999 -9999 -9999 -9999 -9999 -9999 -9999 -9999 -9999 -9999 -9999 -9999 -9999 -9999
-9999 -9999 -9999 -9999 -9999 -9999 -9999 -9999 -9999 -9999 -9999 -9999 -9999 -9999 -9999 -9999 -9999 -9999 -9999 -9999 -9999 -9999 -9999 -9999 -9999 -9999 -9999 -9999 -9999 -9999 -9999 -9999 -9999 -9999 -9999 -9999 -9999 -9999 -9999 -9999 -9999 -9999 -9999 -9999 -9999 -9999 -9999
-9999 -9999 -9999 -9999 -9999 -9999 -9999 -9999 -9999 -9999 -9999 -9999 -9999 -9999 -9999 -9999 -9999 -9999 -9999 -9999 -9999 -9999 -9999 -9999 -9999 -9999 -9999 -9999 -9999 23.1272834754033 23.5405930050345 23.9478889724054 -9999 -9999 -9999 -9999 26.1952836671923 26.6446428504372 27.094115710291 27.5442025637522 27.9939198716413 28.4389110589728 28.8721835540755 29.2805598499516 -9999 -9999 30.1201368498319
-9999 -9999 -9999 -9999 -9999 -9999 -9999 -9999 -9999 -9999 -9999 -9999 -9999 -9999 -9999 -9999 -9999 -9999 -9999 -9999 -9999 -9999 -9999 -9999 -9999 -9999 -9999 -9999 22.8547494631895 23.3047659807773 23.7470265772664 24.1793567209959 24.6634603925407 25.1394579285877 25.6081935012038 26.0703425290816 26.5272989170172 26.9811401163416 27.4353779675019 27.8946732142512 28.3622439370079 28.8402789317068 29.327140590706 29.8124233603256 30.2693478175404 30.6381078361883 30.8403240263254
-9999 -9999 -9999 -9999 -9999 -9999 -9999 -9999 -9999 -9999 -9999 -9999 -9999 -9999 -9999 -9999 -9999 -9999 -9999 -9999 19.8344013792392 20.199343036475 20.5735670611295 20.9541658676252 21.3384411081632 21.7240093601674 22.108799680936 22.5490632613918 23.037495686145 23.517495008092 23.9862044300852 24.4914975226421 24.9956331777269 25.4796789434866 25.9478069097049 26.4041849183713 26.8508852713344 27.2910371297546 27.72886874223 28.170327382312 28.6239238139229 29.0977240534826 29.6005025792959 30.1406192529192 30.7190106080137 31.2919553079588 31.5147715388043
-9999 -9999 -9999 -9999 -9999 -9999 -9999 -9999 -9999 -9999 -9999 -9999 -9999 -9999 -9999 -9999 -9999 -9999 -9999 -9999 -9999 20.2248504583754 20.6272176344518 21.0343850253399 21.4435845249036 21.8524441826828 22.2587953267733 22.7464904003765 23.267069259066 23.7751704265922 24.3090525271167 24.8515317417727 25.3680237192959 25.8565349495678 26.3161810244564 26.7511873032656 27.1684348680145 27.5713606155351 27.9645789095901 28.3539450659389 28.7470994554625 29.154761119796 29.5871440056442 30.0532331517748 30.5519015377751 31.0299106251054 31.2208233018361
-9999 -9999 -9999 -9999 -9999 -9999 -9999 -9999 -9999 -9999 -9999 -9999 -9999 -9999 -9999 -9999 -9999 -9999 -9999 -9999 -9999 -9999 20.7127640589768 21.1463764040623 21.5802603645031 22.0121060630306 22.4396555355208 23.0029478561637 23.5544277308398 24.1282414817458 24.7168437303598 25.2737625006134 25.7950209049245 26.2778768704699 26.7209688101617 27.1243329015299 27.4928622815358 27.8352738846785 28.155621813533 28.4584720185118 28.7487160273498 29.031578598297 29.3118045663691 29.5876998852661 29.848589089588 30.0635447099407 30.1927295118917
-9999 -9999 -9999 -9999 -9999 -9999 -9999 -9999 -9999 -9999 -9999 -9999 -9999 -9999 -9999 -9999 -9999 -9999 -9999 -9999 19.9326528740734 20.3853494556945 20.8415381063789 21.2990763723326 21.7557076333403 22.2091277176337 22.7309012178017 23.3290001022264 23.9547132443909 24.5995025989959 25.2087137105136 25.7755915934565 26.2946806795156 26.7622401913291 27.1764298127959 27.5372172250611 27.8460391592568 28.1090878861604 28.3357795088603 28.5293504329526 28.6921357775949 28.8235224534975 28.9222225727634 28.9896571863404 29.0294408787744 29.0597134451983 29.1182865974153
-9999 -9999 -9999 -9999 -9999 -9999 -9999 -9999 -9999 -9999 -9999 -9999 -9999 -9999 -9999 -9999 -9999 -9999 -9999 19.6089556658102 20.0737594362214 20.5452649129527 21.0209668295916 21.4983827936519 21.9750208852606 22.4565763050337 23.101225681775 23.7867016772371 24.4971994373722 25.1723706050765 25.8017819752926 26.3758935646132 26.887076187312 27.3304213965697 27.7040457110494 28.0087791903519 28.2473763439523 28.4235221710554 28.5455449548255 28.6225221998927 28.6541639255696 28.6389367034576 28.574494029503 28.4617468724289 28.3527779662916 28.2630485598068 28.2474523772536
-9999 -9999 -9999 -9999 -9999 -9999 -9999 -9999 17.0097670742349 17.1176170124166 -9999 -9999 -9999 -9999 -9999 -9999 -9999 -9999 -9999 -9999 20.2793817482847 20.7616016226544 21.2510139999152 21.7442149083178 22.238115143128 22.8722543144592 23.6160613771734 24.3965297686087 25.1489891763818 25.8592339193518 26.5122427356086 27.0938255120337 27.5928093713728 28.0029274017344 28.3234381392246 28.558175666657 28.7136484769033 28.7971117645346 28.8151700813367 28.777250945982 28.6906762169087 28.5575670144725 28.392647479568 28.2564298145986 28.1246758852911 27.9977020586944 27.9927527460145
-9999 -9999 -9999 -9999 -9999 -9999 -9999 -9999 17.0702119379221 17.1874689570158 17.323045430469 -9999 -9999 -9999 -9999 -9999 -9999 -9999 19.6072468645402 20.0605953832936 20.5350563055682 21.0247737889795 21.5246609820973 22.0308798881277 22.6445632845659 23.4327253487274 24.2760025397197 25.1068845853039 25.909993079621 26.6661867953867 27.353059622152 27.947644270602 28.4316543678377 28.7969165326592 29.0469005820035 29.1932226370522 29.2503534595011 29.2318482270888 29.1468038218095 29.0029822503384 28.8156974538848 28.5946637647217 28.3952781324166 28.2485515226559 28.1105451709194 28.0494492247267 28.0529547510814
-9999 -9999 -9999 -9999 -9999 -9999 16.9522643604754 17.0480477573778 17.1553345438216 17.2788519991089 17.4248610700731 17.600441168479 -9999 -9999 -9999 -9999 19.0497000283144 19.4517242387737 19.8851558722732 20.3445457562292 20.8250294702523 21.3222459624581 21.8313758452313 22.4242299088904 23.2331749778757 24.1177316676647 25.0094484664066 25.8965172431113 26.7626181906581 27.5843068072473 28.3283644705521 28.9531713263492 29.4214145913749 29.7208634683235 29.8696186210704 29.8992197256499 29.8383569969882 29.7062867270629 29.515669905134 29.2774215877999 29.002426346737 28.7088586946062 28.4710585531558 28.299622691547 28.1448609936901 28.0969988776543 28.0786190828124
-9999 -9999 -9999 -9999 16.8819073829167 16.9687650328708 17.0604235488368 17.1586870012588 17.266608411987 17.3895140975564 17.5364581833846 17.7205677929855 17.9535696312798 18.2367009257681 18.5626177321213 18.9239463589779 19.315809493326 19.7357726924692 20.1818313376186 20.6506974387242 21.1388501751371 21.6434485097057 22.2148511445313 23.0247877841877 23.9212504767596 24.8403129263473 25.775038360765 26.7167000019015 27.6530258137213 28.5639630762559 29.4112114641983 30.1180749256382 30.5754605995699 30.7549730154646 30.7424501331561 30.6179670730173 30.4218350221033 30.1720171683295 29.8805172957621 29.5561397914274 29.2068987370742 28.8459371920755 28.5589864241732 28.3506485478458 28.1833952265431 28.1137775366681 28.0729411876373
16.6603420567583 -9999 -9999 -9999 17.013233165977 17.1083884628494 17.2068353875129 17.3093714129793 17.4173458180659 17.5335555433794 17.6652430446176 17.8361692663484 18.0933579900177 18.4252983201012 18.7943475667449 19.1883416686281 19.6041339528856 20.0409463859786 20.4988068367422 20.9763057872226 21.4709270807907 22.0092056347348 22.8099239888727 23.706395144143 24.6213078963521 25.5589652957368 26.5169346213519 27.4895942586397 28.4709195334488 29.4541767056012 30.4297255982846 31.364189933274 31.8613744995103 31.7289461420059 31.4972267967991 31.2216412637564 30.9089065102643 30.5640458550083 30.1920810221838 29.7980974352937 29.3878009784678 28.9683210321974 28.6310135305041 28.3795571348494 28.2022578875829 28.0976179662253 28.0407457415399
16.7760744012098 16.8721662976439 16.9716073786149 17.0742037945999 17.1798302345419 17.2882786186352 17.3996849769087 17.5144230034994 17.6329188932612 17.7559175613247 17.8850747039297 18.0311309739956 18.3201025645002 18.6956090678448 19.0903292260901 19.5018477096721 19.9302837953001 20.3758415070977 20.8395073658684 21.3208429192451 21.8181138642156 22.5942907274045 23.4788798613792 24.3849788992157 25.3070942393529 26.241239774741 27.1905387153268 28.1481448997058 29.1042779499725 30.0451794680596 30.9442087776031 31.7194676589172 32.1257971996366 32.0915675297768 31.8702572144048 31.5685904871874 31.2172499777263 30.8298154419238 30.4144895694412 29.9776019781728 29.5248770040778 29.0621695111167 28.6883111336241 28.3895139760771 28.2040570297547 28.0709988437441 27.9855647082486
16.9127718789387 17.0238264208457 17.1390631203898 17.2583327862132 17.3816048643603 17.5089922788445 17.6408262777926 17.7782394978634 17.9231832919383 18.0797756946593 18.2572260668363 18.4746633716955 18.7542222037061 19.0928248241681 19.4705837392645 19.8746706495593 20.2995335748356 20.7425938702032 21.2036424433398 21.6820333572919 22.4014808259411 23.2608535804738 24.1437638517132 25.0451301527798 25.9582250655659 26.8742092907548 27.7860967445237 28.6885812049117 29.5622166212719 30.3784902547282 31.0938171651974 31.6440240382984 31.9628680756239 32.038110347282 31.9221246040611 31.6772416245939 31.3488608382585 30.9644498412752 30.5408746126872 30.0892370320945 29.6176219993931 29.1403968662875 28.7524240730997 28.4275165148809 28.2193994434477 28.0537256606253 27.9346033168183
17.0697248548384 17.1982781527362 17.3321537811368 17.4713198995052 17.6159369762722 17.7664592915952 17.9237352313243 18.0894993607675 18.2666387298508 18.459876846282 18.6763467210626 18.9248210261098 19.2120872697442 19.5387277460315 19.8997900120943 20.2890641491959 20.701711678062 21.1343383749626 21.5856275689047 22.2530930388243 23.0751942272939 23.9228517921867 24.791715045893 25.6759146829316 26.5674097290109 27.4551193105694 28.3238063115408 29.1591562088215 29.9427917476629 30.6421846291662 31.22088222712 31.6446489331917 31.8918349037404 31.962977529227 31.8777585433866 31.6691208159365 31.3693314132063 31.0039554158494 30.59584987648 30.1628279530544 29.7133989363737 29.2550550863071 28.8679918580133 28.5430228742336 28.29627163834 28.1216649720838 27.9932984192024
17.244306657335 17.3923923214073 17.547052665495 17.708348992943 17.8765654210182 18.0522985137977 18.2365934890782 18.4311321837436 18.6383756826796 18.8617242390728 19.1053550011313 19.3735124078179 19.6692906610403 19.9936185043466 20.3452800389809 20.7218593950039 21.1207498392309 21.5500222051982 22.165014727004 22.9383253575874 23.7391263398628 24.5638398589415 25.4079249041791 26.2653318798632 27.127766030069 27.9836201282495 28.8164266873607 29.6028610789751 30.3184604155128 30.9326840358324 31.4107598030881 31.7335837487486 31.9014016441564 31.9255285914262 31.8236144115571 31.6192474695288 31.3425981907969 31.014117240451 30.6483389422385 30.2565301796704 29.8450838617701 29.4176389381493 29.0342962358316 28.715307622182 28.4372021455164 28.2776107843049 28.1655304854907
