pm10_max.txt
NCOLS 541
NROWS 200
XLLCORNER 12.09692
YLLCORNER 48.55814
CELLSIZE 0.0125
NODATA_VALUE -9999
[rows 147 to 167 of 200, columns 329 to 375 of 541]
24.2324555237 24.3748967445197 24.5243203863501 24.6805119863128 24.8429371344721 25.0113522287205 25.185607182484 25.3655577614389 25.5510664517738 25.7420028046847 25.9381062639669 26.1390493955234 26.3447224308942 26.5550212306032 26.7698421724061 26.9890784486908 27.2126148638342 27.4403204718544 27.6720212310956 27.9065593048577 28.143080003782 28.3812429341758 28.6210369618468 28.8614189068035 29.1004410415595 29.3412317860732 29.5805369307944 29.8149230644917 30.0460898006136 30.3742215128658 30.8177427233641 31.2849847740506 31.6281071860117 31.9298108603702 32.1097437397719 31.6690433715632 30.9726503238286 30.3025293031153 29.8974431395788 29.6451370489185 29.4116554879806 29.1956845018702 28.9952785694216 28.8084217494347 28.6329652102584 28.4672874566301 28.3102577159006
24.3344978926061 24.4759449958365 24.6243689552122 24.7796126725641 24.9412741693747 25.1090431812307 25.2828198019961 25.4625113858141 25.6480343354389 25.8393156432169 26.0362942370702 26.2389221834315 26.4471657931525 26.6608552001978 26.8798113992108 27.1040541145552 27.3336212700651 27.5685689794887 27.8088267640267 28.0533356682025 28.3019047062014 28.554578773003 28.8294782011338 29.1497152421514 29.4739508116628 29.802284669013 30.135493995208 30.4789814231868 30.8686823995459 31.3445825571833 31.8698300143275 32.3636618354079 32.5779027665218 32.7083762576834 32.7547544419419 32.2011539018725 31.3814659727658 30.5759875578285 30.0251240114286 29.7446498869322 29.4936527933601 29.2655095198852 29.0575262992957 28.8665437148854 28.6897309051396 28.5244476722835 28.3696595039023
24.4248228197577 24.5651861496482 24.7124846098698 24.8665702954385 25.0272144718197 25.1940182510354 25.3669133861775 25.5458484484796 25.7307823656582 25.9216867075034 26.1185479953287 26.3213701227577 26.530176989687 26.7450154660298 26.9659588166614 27.1931107319866 27.4264961539305 27.66610449975 27.9117489615265 28.2186625892999 28.5411409813977 28.8716229401812 29.2109489647669 29.5600535960996 29.9247390310373 30.32400303606 30.7669022071483 31.2334222636252 31.71017795329 32.1477282196977 32.5456968904971 32.9406978344563 33.0098410793821 32.3139512187659 32.1402010325783 31.6948500977018 31.0486374201316 30.3483490065967 29.9779397777218 29.7130048871284 29.4702744285811 29.2507623815789 29.0522930287474 28.8709905179457 28.703436412068 28.5470888651701 28.4008970808122
24.5027822291575 24.6419585451968 24.7879339195505 24.9406044005462 25.0998664151193 25.2652989521463 25.4368177731606 25.6144000400238 25.7980329433558 25.9877161626117 26.1834644171329 26.3853101864491 26.5933066925819 26.8075312513187 27.0280891121292 27.2551179141716 27.5406166905058 27.8456839743762 28.1581507907243 28.4784837919945 28.8073082815733 29.145439023674 29.5024762373729 29.8963423285498 30.3283516866212 30.7829982328567 31.2607196548122 31.7575593409527 32.2504440515123 32.6738921538554 32.9346938441536 33.0210736535651 32.8218527883824 32.2880374991548 31.7220754180532 31.1320248582584 30.4775007185809 30.0819415515341 29.8088615983973 29.5667667292835 29.3518447967759 29.1603051104383 28.9871529469576 28.8276147399335 28.6781475512262 28.5375453999787 28.4052012982557
24.5680295870694 24.7058522021828 24.8502335403724 25.0011742040466 25.1586331316683 25.322228621185 25.4918160682665 25.6673877396326 25.8489437158215 26.0364939418583 26.2300602706195 26.4296785178962 26.6354005410035 26.8637954889457 27.149340163379 27.4393260676229 27.7352222443212 28.0380225634457 28.3479571632006 28.6653318342656 28.9961393496753 29.3536533038146 29.7436520454128 30.1496149227914 30.572256125302 31.0124738625817 31.4699480493519 31.9400728290488 32.4120133196501 32.8657783035831 32.8597625663325 32.6445781800081 32.2893147968484 31.7914767919384 31.1963628904138 30.5410613781983 30.0812200504874 29.7991891764561 29.5437845082138 29.3311927747137 29.1629844751026 29.017957032169 28.8821667020573 28.7517720599317 28.6258232390359 28.5048770223091 28.3889208208513
24.6211054920052 24.7572812661715 24.8996769058098 25.0484773543209 25.2036345452694 25.3648546780263 25.5318945751603 25.7047480399999 25.8834128240214 26.0678917917063 26.258193852502 26.4755876230239 26.747247350554 27.0228600920626 27.3023222414879 27.585762116387 27.8748080343866 28.1697642859775 28.4720707411763 28.7943110824341 29.1402168258651 29.5000663911635 29.8688929111179 30.2460312260305 30.6298503612737 31.0168894630803 31.4001580916431 31.7642976739764 32.0756008541058 32.2653583062619 32.2512916926101 32.0399487948832 31.6785053522589 31.1955028601891 30.6163976912997 30.0520207401354 29.7759212145332 29.5047971378276 29.2218336109733 29.0458384423545 28.9586734850033 28.8669963477036 28.768743704014 28.6656228250582 28.5618071255613 28.4593852457632 28.3592943061785
24.6629822122 24.7972593643231 24.9373207541733 25.0836096861707 25.2360147658641 25.3943488118237 25.5582620060234 25.7277324498277 25.9027439590653 26.0882160106577 26.3454747511055 26.6063062470519 26.8705034156906 27.1378457885991 27.4080935923189 27.681537724217 27.9595191761132 28.2497899432466 28.558169369651 28.8808958650422 29.2086666470746 29.5403638626732 29.8742194783807 30.2074275723645 30.5355229524483 30.8513817890997 31.1436251184804 31.3924874782582 31.5699691221681 31.6427620466643 31.582403279092 31.3824503688914 31.0561123261948 30.6219599834172 30.1177620519315 29.7424644988384 29.5321543154017 29.3065254294447 29.0901790977283 28.9355605313193 28.839786423852 28.757519939589 28.6739413095468 28.5870253108911 28.49808127067 28.4093362141566 28.3220752879784
24.6939203793318 24.8260123356954 24.9634306783071 25.1068599450173 25.2561190203788 25.4110898165116 25.5713585521769 25.7368577950039 25.9550967153934 26.1968386332977 26.4456373638718 26.6978499293246 26.9524982790334 27.2092334205615 27.4676546279304 27.7323641783502 28.0099778149013 28.3008833699109 28.5967459540178 28.8947448932781 29.1933508144574 29.4904434203931 29.7830580112027 30.0670304461937 30.3365152101071 30.5833749480534 30.7962684338912 30.9584700723327 31.0523054218953 31.0606887863554 30.9712614936273 30.7801056936075 30.4912698067425 30.1156540943017 29.7200561998642 29.4934154470509 29.3323637518526 29.1657758101032 29.0095622903384 28.8773325476425 28.7708373275203 28.6807320710803 28.5974975049013 28.5170193187959 28.4372224935012 28.3577391553744 28.2798631740335
24.7175484852197 24.8439508844708 24.978456542594 25.1186789593537 25.2644365552253 25.4156214857104 25.599756322032 25.8165649223586 26.0405510211454 26.2714356456327 26.5089048558047 26.7509286894731 26.9943561060458 27.2402159825944 27.494768418355 27.759017197239 28.0288293876377 28.300154601299 28.5717305397306 28.841939050316 29.1086889711324 29.3692641565166 29.6201320825578 29.856715118593 30.0731434647046 30.2620444158437 30.413578388136 30.5154612428171 30.5569679039147 30.5288413748599 30.4261297811753 30.2473927268231 29.9951673179306 29.6850524943655 29.3767407167175 29.2633204472568 29.1431983168675 29.0186451426746 28.898248159403 28.7882249664981 28.6901452602997 28.6022364406825 28.5220283951144 28.4465471554881 28.3736459732483 28.3022018545613 28.2321524041388
24.7784751374489 24.8581693498313 24.9829942320455 25.1196917948442 25.2816185674533 25.4747048758163 25.6746843736201 25.881284095702 26.094196270809 26.313073110119 26.5375199779844 26.7669745582467 27.0048692866977 27.2507576331188 27.4993178895346 27.7483291869019 27.9977022955523 28.2461751225963 28.4921987819883 28.7338639407674 28.9688121359856 29.1941332825276 29.4062551597789 29.6008390619172 29.7727095802606 29.9158157300006 30.0215717248353 30.081993687606 30.0906492693954 30.043604871357 29.9379896904204 29.7735955715273 29.5535213097306 29.3040425592147 29.1218316803916 29.043084434009 28.9537621466154 28.8592934310904 28.7647716378696 28.6741394177083 28.5889058560432 28.5095201282357 28.4360636578893 28.3672515014351 28.3015542633016 28.2379913520145 28.1760956307778
24.8227438438482 24.8962212844643 24.999131713243 25.1698281064224 25.347160155628 25.5308761703005 25.7206911480371 25.9162831223738 26.1172884470213 26.3232957899096 26.5372168796044 26.7641904496469 26.9983819214258 27.2316382023222 27.4626507129482 27.6925302363351 27.9208442290871 28.1461781846225 28.3668474225387 28.5808456472389 28.7857897530621 28.978865614719 29.1567835841947 29.3157580249392 29.4515320711649 29.558886480634 29.6309055121947 29.6628298290355 29.6519617107889 29.5956209501467 29.4923847280761 29.3428464556755 29.15198208786 28.9507123840517 28.8849963934626 28.8281002212829 28.7618527509654 28.6899577509315 28.6158133208937 28.5420381555851 28.4705788576963 28.4026854225576 28.3384716470325 28.2776563219269 28.2198002045857 28.1642294321991 28.1104107027844
24.8578798353968 24.9238457065156 25.0556665525659 25.2179145750845 25.3860697432123 25.5598438211875 25.7389114909926 25.9229063360443 26.1136394186658 26.3166240829801 26.5262126226994 26.7394883286046 26.955712767914 27.1725298281568 27.3857958799746 27.5964655314624 27.8039473812359 28.0067774175114 28.2032595371493 28.3914357116135 28.569059406548 28.7335774306152 28.8821278146364 29.0115639933936 29.1184869060184 29.1976842599072 29.2447618329886 29.2579289726869 29.2351274158571 29.174668429456 29.0760615011449 28.9403321185479 28.781277797617 28.6858398744626 28.6566706574086 28.6165480549068 28.5680058238358 28.5136230075004 28.4558002884896 28.3966234104831 28.3386256773094 28.2828215786339 28.2290334091773 28.1774283175678 28.1280177036381 28.080729281173 28.0353483897236
24.8814114758213 24.9417789427595 25.0874576426068 25.2408318417956 25.3993872512403 25.5628024589805 25.7339244635548 25.9157398674379 26.1020973911586 26.2922328478889 26.4855276078924 26.681280506557 26.8786958797391 27.0768698479503 27.2726930926789 27.4646330999758 27.6520916614468 27.8336344629361 28.007641512059 28.1722944615236 28.325570375452 28.465246127317 28.5889187377901 28.6940477980532 28.7773615788867 28.8343747846459 28.8636594687358 28.8639322341197 28.8335688909893 28.7716692936957 28.6795743091052 28.5627759797115 28.4591143460097 28.45250880041 28.4348181736447 28.4077042360518 28.3729925846973 28.3325427644386 28.2881169391526 28.2420491496446 28.1962958402388 28.1518091842503 28.1086875451034 28.0667776969772 28.0263352385811 27.9875069332729 27.9503849229666
24.8890958192611 24.9560633082719 25.0954707070943 25.2397422548873 25.3956926047599 25.5563779949213 25.7213696566487 25.8902025023758 26.062355127885 26.2372433004783 26.414212442163 26.5925291012514 26.7713714546558 26.9498189617644 27.1269469397942 27.3010068341842 27.4696026525497 27.6313831754755 27.7848573331345 27.9283933624289 28.0602250842078 28.1784681863935 28.281149727033 28.3661273795212 28.4295553938794 28.469581703098 28.4857614141761 28.4766634490169 28.4414787233936 28.3836918740838 28.3052139599583 28.2144091388048 28.2261204823015 28.2268658784699 28.2181416440736 28.2012289254473 28.1774779650546 28.148271256927 28.1154052889305 28.0810578934103 28.0463119052117 28.0120264662512 27.9788374735899 27.9465686930194 27.915253390766 27.8849536765765 27.8557466938229
24.8824216296154 24.9559494892224 25.0924147331645 25.2335023482688 25.3788554728148 25.5280758502407 25.6807203878958 25.8362970140062 25.9942598483209 26.1540037166179 26.3148580628916 26.4760803504148 26.6368490992507 26.7962567889544 26.9533647027951 27.1089826171096 27.2600496079813 27.4037041211978 27.5386095878522 27.6633363437807 27.7763744491709 27.8761547508156 27.9610798924735 28.0283868786995 28.0754997026216 28.1025203869739 28.1084062836875 28.0947421982434 28.0635540574355 28.0149113241128 27.9574333376049 27.9838869974953 28.000380349346 28.007370555884 28.0057507313031 27.996906338606 27.9819315999764 27.9621288595154 27.939596150045 27.9154334079979 27.8905174117124 27.8656160441343 27.8414362781129 27.8180743317567 27.7951744254181 27.772919933384 27.7514678315429
24.8625045051459 24.9422631469108 25.0695985035507 25.2007963268285 25.3354745018712 25.4732123103223 25.6135473678212 25.7559720243252 25.8999293070374 26.0448084991063 26.1899404694868 26.3345929039846 26.4779656377214 26.6191863576813 26.7573156489544 26.8929966542762 27.0263210118393 27.1534680604695 27.271667661545 27.3796881825743 27.4762571248969 27.5600827793567 27.6293139192373 27.6810168024509 27.7151989369319 27.7333504010497 27.7373089792564 27.7266884463087 27.7013611056681 27.6956102389304 27.7319196597844 27.7601097561776 27.780343130236 27.7924090742728 27.7968865269574 27.7945601500479 27.7867668893605 27.7754804477388 27.761790040644 27.7466303676109 27.7305599148892 27.7140414151061 27.6976374692762 27.6818243814943 27.6667675540305 27.6521289624304 27.6381443509739
24.8305067742065 24.9035781122114 25.0217535939209 25.1430678715061 25.2671198816683 25.3934743209644 25.521658882508 25.6511611216097 25.7814250835774 25.9118478301111 26.0417760134386 26.1705026716316 26.2972644554243 26.4212395463683 26.5415465871089 26.6584301765829 26.7725685409739 26.8828969242463 26.9860887825063 27.0792600536929 27.1613487923497 27.2310519531512 27.2856269169462 27.326251590035 27.3555851089847 27.373135116138 27.3784937439127 27.3828619871291 27.4334400798187 27.4767995071286 27.5130215018981 27.542304644579 27.5649622346289 27.5810529342095 27.5904918063951 27.5939050759532 27.5930157001653 27.5892693939024 27.5832132279236 27.5754731844171 27.5666614874053 27.5573382892639 27.5480039435333 27.539096248137 27.5309918534288 27.523643222646 27.516774146297
24.7881606958403 24.8412332734854 24.9503082785249 25.0618348155847 25.1753996399026 25.290560907056 25.4068454928752 25.5237461300614 25.6407185314194 25.7571786557279 25.872500271068 25.9860129817038 26.0970009069981 26.2047022321702 26.3083098879069 26.4076557121943 26.5038629332672 26.5961155172479 26.6834333570135 26.7633375393967 26.8326836537039 26.8914278216717 26.9392679262594 26.9771702628671 27.0052096971316 27.0585873594098 27.1192487732174 27.1737330987631 27.2219628695771 27.2639456153027 27.2997782989961 27.3296482333927 27.3538425417251 27.3728442001089 27.3865713019095 27.3956080556081 27.4009635479577 27.4031997554589 27.4031726674063 27.4016788648209 27.3992382015297 27.3963345292035 27.3934086383981 27.3908545194039 27.3890185739637 27.3881995795536 27.3881500523114
24.7364189652556 24.7706961162727 24.8567483753198 24.9586512917506 25.0619339900085 25.1661564807108 25.2708537497623 25.3755329036784 25.4796705573169 25.5827106080928 25.6840625269229 25.7831002973304 25.8791621461117 25.9715512275311 26.0595374439609 26.1426258395346 26.2221023598949 26.2975756329835 26.3693235899893 26.4381525559743 26.5014241900519 26.582899581713 26.65996092618 26.7322843226268 26.7996231180048 26.8617729827697 26.9185801245293 26.9699487987747 27.0158475973843 27.0563614678925 27.0917058452866 27.1220654957743 27.1474687766689 27.1681071051433 27.1849402248425 27.198433532808 27.2087703978972 27.2164259014646 27.2218798586863 27.225779779919 27.2289167831754 27.2317193467406 27.2345741847699 27.2378312382215 27.2418019562179 27.2467594343347 27.2529213823487
24.6741262702602 24.7061554724774 24.7426034218087 24.8350904163532 24.9283359344674 25.0219109180215 25.1153673875885 25.2082353474562 25.3000202446767 25.3902010710944 25.4782291806166 25.5635278942827 25.6454929756397 25.723494072889 25.8100227397508 25.9046940874211 25.9968816736238 26.0862988172031 26.1726585965386 26.2556778780614 26.3350820053683 26.4106101077161 26.4820209408736 26.5490991198423 26.6116615449156 26.6695771352719 26.7228475025937 26.7714498427774 26.8153902304714 26.854531639586 26.8888865403434 26.9186245364047 26.943969384207 26.9656987682931 26.98491395648 27.0019210938356 27.0164364282281 27.0287001445659 27.039128761217 27.0481328314624 27.0561882574457 27.0640475570064 27.0720996505762 27.0806525755681 27.08998141513 27.1003278534532 27.1119010013167
24.6024662145743 24.6324370228044 24.6642898045861 24.6977668795197 24.7761942834399 24.8594225028423 24.9419919982908 25.0234634926578 25.1154914029129 25.2133305957628 25.3104014844456 25.4061834404244 25.500453142614 25.5929794333024 25.6835245984858 25.7718460848535 25.857698681867 25.94083719165 26.0210195984814 26.0980107329324 26.171586402751 26.2415481207182 26.3077931032762 26.3701834533621 26.428593866056 26.4829147035191 26.5328881845546 26.5784415543758 26.6196013494595 26.6564423275842 26.6890877340472 26.7177080182032 26.7429399539037 26.7658648388781 26.7868100752171 26.8061085062656 26.8239917127885 26.840149783038 26.8548479587958 26.8684508591256 26.8813091407176 26.8937709225731 26.9064853163597 26.9198559120431 26.9341215371375 26.9494901681718 26.9661396186682
