pm10_modal.txt
NCOLS 541
NROWS 200
XLLCORNER 12.09692
YLLCORNER 48.55814
CELLSIZE 0.0125
NODATA_VALUE -9999
[rows 21 to 41 of 200, columns 282 to 328 of 541]
-9999 -9999 -9999 -9999 -9999 -9999 -9999 -9999 -9999 -9999 -9999 -9999 -9999 -9999 -9999 -9999 -9999 -9999 -9999 -9999 -9999 -9999 -9999 -9999 -9999 -9999 -9999 -9999 -9999 -9999 -9999 -9999 -9999 -9999 -9999 -9999 -9999 -9999 -9999 -9999 -9999 -9999 -9999 -9999 -9999 -9999 -9999
-9999 -9999 -9999 -9999 -9999 -9999 -9999 -9999 -9999 -9999 -9999 -9999 -9999 -9999 -9999 -9999 -9999 -9999 -9999 -9999 -9999 -9999 -9999 -9999 -9999 -9999 -9999 -9999 -9999 -9999 -9999 -9999 -9999 -9999 -9999 -9999 -9999 -9999 -9999 -9999 -9999 -9999 -9999 -9999 -9999 -9999 -9999
-9999 -9999 -9999 -9999 -9999 -9999 -9999 -9999 -9999 -9999 -9999 -9999 -9999 -9999 -9999 -9999 -9999 -9999 -9999 -9999 -9999 -9999 -9999 -9999 -9999 -9999 -9999 -9999 -9999 -9999 -9999 -9999 -9999 -9999 -9999 -9999 -9999 -9999 -9999 -9999 -9999 -9999 -9999 -9999 -9999 -9999 -9999
18.4249054665153 18.4829024122983 18.5402760809643 18.5976090097039 18.655042808665 -9999 -9999 -9999 -9999 -9999 -9999 -9999 -9999 -9999 19.2068410056792 19.2566713715006 -9999 -9999 -9999 -9999 -9999 -9999 -9999 -9999 -9999 -9999 -9999 -9999 -9999 -9999 -9999 -9999 -9999 -9999 -9999 -9999 -9999 -9999 -9999 -9999 -9999 -9999 -9999 -9999 -9999 -9999 -9999
18.6223659966473 18.676112209154 18.7292933129536 18.7818074610264 18.8345557020476 18.8876099882022 -9999 -9999 19.0472456444976 -9999 19.1525004289008 19.204332374439 19.2554390447473 19.3054651120854 19.3541729620904 19.4014317857824 19.4471189241691 -9999 -9999 -9999 -9999 -9999 -9999 -9999 -9999 -9999 -9999 -9999 -9999 -9999 -9999 -9999 -9999 -9999 -9999 -9999 -9999 -9999 -9999 -9999 -9999 -9999 -9999 -9999 -9999 -9999 -9999
18.8292660668524 18.8786508674475 18.9277437879794 18.976113394786 19.0246603408232 19.0737940142419 19.1233178715489 19.1730429996982 19.2227867956936 19.2723719863989 19.3216259923726 19.3703806485614 19.4184722991837 19.4657420126277 19.5118528507646 19.5564954237394 19.5995241655998 -9999 -9999 -9999 -9999 -9999 -9999 -9999 -9999 -9999 -9999 -9999 -9999 -9999 -9999 -9999 -9999 -9999 -9999 -9999 -9999 -9999 -9999 -9999 -9999 -9999 -9999 -9999 -9999 -9999 -9999
19.0444709462645 19.0900017035933 19.1355027878738 19.1805120170466 19.2250644685022 19.2702734584886 19.3160756326674 19.3622578868741 19.4086137367504 19.4549420263666 19.5010460056824 19.5467328140924 19.5918134177049 19.636103051387 19.6794222093204 19.7214522621838 19.7618173711855 19.8003552947553 -9999 -9999 -9999 -9999 -9999 -9999 -9999 -9999 -9999 -9999 -9999 -9999 -9999 -9999 -9999 -9999 -9999 -9999 -9999 -9999 -9999 -9999 -9999 -9999 -9999 -9999 -9999 -9999 -9999
19.2677321986315 19.3096341831916 19.3516568702073 19.3934211898214 19.4346293423109 19.4759863782764 19.5181326060543 19.5608340322077 19.6038629354991 19.6469962336205 19.6900142044772 19.7326996318824 19.7748374680178 19.8162151215374 19.8566234838617 19.8958587881864 19.9336031959499 19.9694297157627 -9999 -9999 -9999 -9999 -9999 -9999 -9999 -9999 -9999 -9999 -9999 -9999 -9999 -9999 -9999 -9999 -9999 -9999 -9999 -9999 -9999 -9999 -9999 -9999 -9999 -9999 -9999 -9999 -9999
19.4977466983108 19.5362130444796 19.5749559297849 19.6136432467138 19.6519626250299 19.6898493929075 19.7284662045766 19.7678059936304 19.8076236401304 19.8476773105787 19.8877267001805 19.9275316581836 19.9668513431643 20.0054440995918 20.0430682819456 20.0794842613114 20.1144578089685 20.1476542039051 20.1786037757794 -9999 -9999 -9999 -9999 -9999 -9999 -9999 20.3721217571612 20.3909979781762 -9999 -9999 -9999 -9999 -9999 -9999 -9999 -9999 -9999 -9999 -9999 -9999 -9999 -9999 -9999 -9999 -9999 -9999 -9999
19.7331876210963 19.7684688372392 19.8041944409912 19.8400315379871 19.8756605917099 19.9107730979082 19.9460340924941 19.9821758219768 20.018940913384 20.0560733473169 20.0933161536324 20.130409243153 20.167087669155 20.2030806034547 20.2381114139314 20.2718993184076 20.3041631196704 20.3346274331208 20.3629269828714 -9999 -9999 -9999 20.4597498946029 20.4799311009933 20.4985030948623 20.5155655947054 20.5312621778833 20.5455556447917 20.557808588234 20.5681751156608 -9999 -9999 -9999 -9999 -9999 -9999 -9999 -9999 -9999 -9999 -9999 -9999 -9999 -9999 -9999 -9999 -9999
19.9727798635162 20.0052203307288 20.0382324818403 20.0714842626171 20.1046555552508 20.1374360915121 20.1697840375786 20.2029188151294 20.2368166589705 20.2712135001042 20.3058415867911 20.3404262019926 20.374682500449 20.4083128031566 20.4410048987908 20.4724321609856 20.5022565408894 20.5301356073052 20.5560596126371 20.5806495540636 20.6034631690578 20.6243051713779 20.6430738348111 20.6597591910869 20.6744404049699 20.6872727465926 20.6983012360433 20.7069042356461 20.7132552794386 20.7176327343295 -9999 -9999 -9999 -9999 -9999 -9999 -9999 -9999 -9999 -9999 -9999 -9999 -9999 -9999 -9999 -9999 -9999
20.2154209717623 20.2453905110591 20.2760121120835 20.3069604701426 20.3379208588749 20.3685873664088 20.3986639110614 20.4289897578731 20.4602109232438 20.4920630128083 20.5242756958424 20.5565680867037 20.5886436314912 20.6201847368432 20.6508476984433 20.6802590034959 20.7080148057537 20.7337420414925 20.7580160174093 20.7808054801459 20.8016114233309 20.8198989505184 20.8355176934596 20.8484691184245 20.8588948816633 20.866983124482 20.872131062908 20.8744950951966 20.8744883016529 20.8724651491844 20.8687485843603 -9999 -9999 -9999 -9999 -9999 -9999 20.8191428422088 20.8139446957452 20.8102548083683 20.8080717605846 -9999 -9999 -9999 -9999 -9999 -9999
20.460102051633 20.4880181492301 20.5165708978994 20.5454947573874 20.5744853287629 20.6032463736083 20.6314880944861 20.6593332287651 20.6880477869267 20.7175225301051 20.7474948887396 20.7776898037502 20.8078125366321 20.837539927481 20.8665102065198 20.8943121133516 20.9204753867497 20.9450680843557 20.9683517210255 20.9897438218503 21.0086937586564 21.0245891134007 21.0369600832214 21.0458328306827 21.0514700009809 21.05353495376 21.0520137149268 21.0475462330677 21.0406643691409 21.0318092672501 21.0213564513493 -9999 -9999 -9999 -9999 -9999 20.9466759737508 20.9372491298027 20.9292761185718 20.9226278264954 20.9173636132818 20.9135481897026 20.9112426299184 20.9105051712476 -9999 -9999 -9999
20.7058467580592 20.7322062751346 20.7590536638014 20.7862124805081 20.8134506771635 20.8404863349173 20.8670435990025 20.8929027238799 20.9192322397747 20.9464400572717 20.9742824336828 21.0025045042989 21.0308318886224 21.0589592034953 21.0865344522322 21.1131383578502 21.1384961828319 21.1630531126879 21.1861865611508 21.2069833248646 21.2245207089536 21.2380295127639 21.2468625226105 21.2509235303695 21.2503039120487 21.2449585460427 21.2357674206972 21.2236229291364 21.2091970576274 21.1930071075267 21.1754577769323 -9999 -9999 -9999 -9999 21.0879497765539 21.0742133324688 21.0617879967216 21.0507244744514 21.0410836825107 21.032921408279 21.0262895187431 21.0212374175734 21.0178151598155 21.0160670700415 21.0155458714714 21.0158217191472
20.9499481540847 20.9771314309274 21.0026585842834 21.0283449425954 21.054012568577 21.0794594177159 21.1044277064573 21.1286645381134 21.152685260309 21.1776438027989 21.2032551928129 21.2292622397873 21.255447604873 21.2815689664675 21.3073416775653 21.3324618256236 21.3574622818956 21.3821078224689 21.4055137512418 21.4264391133204 21.4432944444644 21.4544541916243 21.4589494423574 21.4565685064714 21.4474685842051 21.4331663321155 21.4151187773558 21.3944793453958 21.3719943425582 -9999 -9999 -9999 -9999 -9999 -9999 21.217523755296 21.2006141709582 21.1851597188479 21.171215514876 21.1588306475523 21.1480515472823 21.1389227305968 21.1314872811213 21.1257871428545 21.1217303073443 21.1186435814746 21.1164515637618
21.1910977960035 21.2202764556498 21.2467503871063 21.2711508789594 21.2952147808558 21.3187027293222 21.3414623190216 21.3632822282713 21.3842105693903 21.4057169849105 21.4279327763707 21.4506924781689 21.4738282542463 21.4971630915108 21.5204992512458 21.5442877447339 21.568963098431 21.5940750143154 21.6188632208303 21.6419427403761 21.6607677511789 21.67140267549 21.670613841068 21.658532482038 21.6384171272683 21.6135233340571 21.5858153200238 21.5564166783654 21.5259131092899 21.4953585520052 21.4662552124082 21.4387467037258 21.4129037111219 21.3885478055897 21.3656448822398 21.3442436968274 21.3243887598022 21.3061221500351 21.2894846290194 21.2745163188183 21.2612570992048 21.2497468180809 21.2400253733255 21.2321303026711 21.225530233015 21.2198121121631 21.2150106880498
21.4279131318701 21.4584028047209 21.4857254172303 21.5095844738979 21.5308787508685 21.5515947652981 21.571440548618 21.5902876051797 21.6079715783818 21.6257212714741 21.644209588196 21.6632995031066 21.6828614577019 21.7027721109299 21.7232899643881 21.7452955787015 21.7687341263435 21.7934687234694 21.8192749023393 21.8456543204034 21.8710273804997 21.8882236736894 21.8785051538312 21.8495472097322 21.8156616104735 21.7799125958041 21.7432139039203 21.7061081936461 21.6703194226626 21.63634434316 21.6042132051886 21.5737741079638 21.5448623789526 21.5175061601367 21.4917342780099 21.4675767891462 21.4450652653891 21.4242328826536 21.4051143985064 21.3877460634202 21.3721236900868 21.3582355172348 21.34612738369 21.3356547166866 21.3261746757647 21.3176637807334 21.3101592047323
21.6543470933274 21.6857545963492 21.7137754618787 21.7381236581281 21.7585212375636 21.7762009135128 21.7930768982857 21.8087605477855 21.8231380742481 21.8368346128697 21.8511617834876 21.8660199049132 21.8812863236688 21.8970266927333 21.9141973772588 21.9328887250664 21.9530217424584 21.9745090383857 21.9972280470014 22.020928043573 22.0447614410732 22.0626636487243 22.0452693373063 22.0073779691807 21.9666636900844 21.9250847688276 21.8836693577872 21.8440249627612 21.8062288496161 21.7702344306289 21.7357786740137 21.7028563429486 21.6714934764899 21.6417177178764 21.613558719614 21.5870482617052 21.5622053699035 21.5389819205147 21.5174083064017 21.4975308302375 21.4793972103589 21.4630563999126 21.4485333485853 21.4352446358722 21.4229582533903 21.4117162441253 21.4015603276342
21.870331714457 21.901924091087 21.9307231492476 21.9555948460214 21.9762669452617 21.9924745325144 22.00595065629 22.0183201211417 22.02912535947 22.0385971290297 22.0483074393722 22.0583445950797 22.0686264891429 22.0800006372413 22.0926439984072 22.1063728463996 22.1209368065848 22.1359490960519 22.1507330327997 22.1639705177447 22.1729523265496 22.1719418402116 22.1558827059616 22.1264893124428 22.0892489674136 22.0496164127099 22.0099338658935 21.9709530463416 21.9328854137582 21.8958595048725 21.8600447357999 21.82555710291 21.7924833784981 21.7608536675146 21.7306430719074 21.7019111082914 21.6747175273228 21.6491203965409 21.625177009932 21.6029444501933 21.5824799257773 21.56384095391 21.546748899542 21.5306755248802 21.5156598821392 21.5017509821681 21.4889973565419
22.0759075197448 22.1077236875086 22.1366045739496 22.1620088978268 22.1829218519167 22.1990784741547 22.2102510346845 22.2188031278992 22.225823767157 22.2309288293443 22.2356327472863 22.2403730071962 22.2458259325765 22.2522881266397 22.2595183655865 22.2672068983428 22.274930249898 22.2820812505088 22.2877664935087 22.2906431139948 22.2885223150633 22.278310285303 22.2587450899679 22.23074659697 22.1978667731573 22.1623157467002 22.1256343515284 22.0882491935116 22.0507972257712 22.0137614175551 21.9774223037126 21.9419166466186 21.9074218809463 21.874080100398 21.8420083329683 21.8113070534424 21.7820656795743 21.754366196828 21.7282855948092 21.7038975295658 21.6812734667337 21.660369118717 21.6405597946458 21.6217896865637 21.6041177693293 21.5876023150323 21.5723007782345
22.2711244219223 22.3034693523238 22.332198956605 22.3575475903949 22.3786614974389 22.3946918361177 22.4053729708195 22.410642024924 22.4133839486543 22.4140725684668 22.4135089062388 22.4133226550084 22.4139495542687 22.415135632504 22.416578743055 22.4179182226248 22.4186738923331 22.4182221183882 22.4157689883687 22.4103143452476 22.3997587062684 22.3827492564411 22.3599299473791 22.3329088489035 22.3024151935343 22.2692695095622 22.2343986624593 22.1984921384678 22.1617991432029 22.124843489338 22.0880402667741 22.0517080635744 22.016096159945 21.9814045346455 21.9477981161555 21.9154168269985 21.884382668581 21.8548047525954 21.8267829081919 21.8004102931268 21.7757616994189 21.7523332547838 21.7298873851785 21.708496178704 21.6882302247207 21.6691588493815 21.6513501778842
