pm10_min.txt
NCOLS 541
NROWS 200
XLLCORNER 12.09692
YLLCORNER 48.55814
CELLSIZE 0.0125
NODATA_VALUE -9999
[rows 105 to 125 of 200, columns 423 to 469 of 541]
22.5795077935885 22.2686164651716 21.969709790646 21.6841795883735 21.4130516619803 21.1575952546736 20.9194646202969 20.7008958936391 20.501631206561 20.32312588876 20.1711183505836 20.0521097435179 19.971843913271 19.9330186640483 19.9355979620825 19.9807744448353 20.0547873574338 20.1497061116125 20.2658333008019 20.3973489190561 20.5401779281652 20.6928994450554 20.8592180777609 21.0411072918988 21.2386034014395 21.4513687013658 21.6791721202336 21.9216323592853 22.1795871540385 22.4528886995366 22.7416267192182 23.0450246223809 23.3582633311673 23.6893906005064 24.0449753983911 24.4254567281883 24.8313458978285 25.2632296770369 25.7217745288826 26.2077317936879 26.7237948059093 27.2377157457101 27.7462900281039 28.2707802394362 28.8160011391147 29.3826238700329 29.9646426630261
22.8941463984411 22.5832530827987 22.2856813382058 22.0029252698125 21.7361901764038 21.4869164009173 21.2568754496986 21.0482735210866 20.8622744817297 20.6977543572194 20.5583022177013 20.4476757560583 20.3687900370175 20.3229619777485 20.3090728821366 20.3244339373837 20.3674256044679 20.4338698185829 20.5206126659044 20.6265009041237 20.7454678108793 20.8758336366738 21.0194091662106 21.1821139764154 21.3631790668688 21.560411879268 21.7727660287529 21.9991425074458 22.2414325450429 22.4995922164016 22.7735149530376 23.063300287574 23.3657783426737 23.6786981162643 24.0129568138846 24.37200616705 24.7563207621063 25.1664575170948 25.6030594194119 26.0668605304027 26.5587179779245 27.0429255218901 27.5337970916184 28.039491630469 28.5639551739263 29.1057281510824 29.659208441917
23.2495487030833 22.9387320678394 22.6424724284965 22.3623444345043 22.0995809328515 21.8555942516651 21.6320257201763 21.4307790512033 21.2536792196006 21.0985468344123 20.9665315826984 20.8599768353845 20.7806017007985 20.7281740325029 20.6947162600282 20.6843086146291 20.7013942673332 20.7425485422708 20.8025978817333 20.8829052217175 20.9782189499736 21.0859366134249 21.2063436585735 21.347429929908 21.5087385955294 21.6887355316065 21.8834590558157 22.0922983419718 22.3171494849598 22.5584002740897 22.8158031609149 23.0893138946371 23.378445069534 23.67848074839 23.9907549519128 24.3262458404874 24.6867427546647 25.0727370092076 25.484806687633 25.9236201114981 26.3867067769515 26.8370851243138 27.3057685970594 27.7893370078775 28.2859107455066 28.7961546679636 29.3155138155092
23.6412514193718 23.3301808712375 23.0347232410492 22.7565274339479 22.4967339315765 22.2566013309448 22.0375262878823 21.8410431226313 21.6687932040895 21.5198649254681 21.3922571052673 21.2875213925782 21.205444899109 21.1389835139505 21.0877177837557 21.0562240611121 21.0499458259004 21.0673849513916 21.1041374149227 21.1589167186965 21.2314501544301 21.3169482645603 21.4149046146999 21.5333733061895 21.6730948912031 21.8322999099521 22.0081915366269 22.1984674582816 22.4044957136062 22.6272288456992 22.8665532058557 23.1222236061974 23.3942360375133 23.6806424542075 23.9773485865015 24.2878873681595 24.6224540903349 24.9820474064944 25.3671438941395 25.7783029046996 26.2052005560142 26.622976139451 27.0641969765995 27.5198763629506 27.9832468928072 28.4574800291825 28.9379850255135
24.0645517490847 23.7527803729773 23.4574394684522 23.1803056540084 22.9223482640241 22.6846103369347 22.4682134359634 22.2743451331239 22.1042260235942 21.9584607175433 21.8334608056144 21.7271238055123 21.6331111485444 21.5520187171544 21.4869636311504 21.4368734856353 21.4087671708065 21.4034510363863 21.4185930172703 21.4499963537803 21.4996525011026 21.5636370763637 21.6405506405075 21.7356102439302 21.8530687144553 21.9895047127569 22.1440764740374 22.3150787579891 22.501239205938 22.7042359336931 22.9239956761566 23.1604131120062 23.4132549133393 23.6824875301323 23.9643970100793 24.2566774078176 24.5637128912066 24.8948689651415 25.2508030436401 25.6319324238142 26.018068711316 26.4034288565712 26.8112538689558 27.2331151766057 27.6606539715759 28.0953842049521 28.5335801852726
24.5146493017409 24.2019171308163 23.9061102060843 23.6292801899897 23.372180740304 23.1356190428622 22.9204524507214 22.727572369907 22.5578755198955 22.4122237869169 22.2848550485134 22.1671285710204 22.0603686563571 21.9685088842223 21.8900420976602 21.8237722511147 21.774528772073 21.7470652311777 21.7402798736318 21.7508967095495 21.7769404875732 21.8198989936133 21.8762156040202 21.9488205048171 22.0431560818511 22.1566414560276 22.2885874803705 22.4386560920093 22.6047702369696 22.7873425529896 22.9866629661202 23.2025407423901 23.4349194953156 23.6836630480403 23.9483188756258 24.2244289234962 24.5109310253845 24.8121709756216 25.1370837522931 25.4831276658219 25.8271678119772 26.1801764855448 26.5503367433983 26.934231357183 27.3236082428487 27.71694580089 28.1108183448929
24.9867808816015 24.6732963138742 24.3767605912869 24.0997794210225 23.8428758108013 23.6066284918547 23.3916615962761 23.1985537685259 23.0273012822987 22.8722755736552 22.7308722548703 22.6001605581117 22.4829142110856 22.3790417941791 22.286522903787 22.2050978114114 22.1360420134822 22.0869020701516 22.0580901229488 22.0481363165397 22.0532415561979 22.0740379918406 22.1101660808201 22.1623520919345 22.2319317748991 22.3220850954926 22.4309426525645 22.5581958574723 22.7034233031544 22.8651113943804 23.0437909553536 23.2392888023433 23.4514870914045 23.6802735234609 23.925140232162 24.1848643035702 24.4549194624375 24.7347459951597 25.0277717887038 25.3325229057048 25.6371514781175 25.9547118653922 26.2858017547488 26.629280001373 26.9785757232233 27.3297213574613 27.6786256669343
25.4764481490463 25.1630731330018 24.8660375920599 24.5883666329787 24.3299660413285 24.0913870856576 23.8736608399719 23.6755984708322 23.4911720147739 23.3200783651342 23.1645330371413 23.0259365173172 22.9000837907237 22.7853319228608 22.6804725260006 22.5855319485482 22.5004102679092 22.4305180603803 22.3803547275069 22.3491889158438 22.3349637189897 22.3343574974293 22.3499557433437 22.3820123944423 22.4281320064289 22.4941593215225 22.57943188668 22.6831421700125 22.8050408372942 22.9445205039467 23.1007408145759 23.2736163287297 23.4629680791062 23.6686642478844 23.8906098063671 24.1285721566665 24.3808904760196 24.6434884908778 24.9143064733788 25.1807568600575 25.4492577925791 25.729893374995 26.021940106966 26.3249595006999 26.6321771232287 26.9410705688334 27.2454586086247
25.9771622552335 25.6634746281617 25.3640973997248 25.0843872072019 24.8248793192908 24.5856089836291 24.3611818394937 24.1491122471123 23.949546674412 23.765763913971 23.5994625545329 23.4507449537261 23.3161010855564 23.1905728824132 23.0738223441074 22.9659646718357 22.8670114904879 22.778086065246 22.706879584406 22.6543223225471 22.6196137464054 22.6001974993508 22.5941493753035 22.6059227449339 22.6314895907331 22.6722446034312 22.7338263507496 22.8138566157069 22.9120441704949 23.0281756525946 23.1614569827394 23.3111802732002 23.4771139239684 23.6590601554482 23.8568557663715 24.0703671221915 24.2993656372045 24.5417843811484 24.7894796928202 25.0270480672835 25.260766810531 25.5041452053191 25.7583688796475 26.0229516970318 26.29086931465 26.5574740206732 26.8188467367161
26.469483687047 26.1667982992109 25.873579670885 25.5950581441271 25.3328467177474 25.0823632074126 24.8435343951574 24.6170831030846 24.4065573800517 24.2125081799882 24.035048752065 23.8742571677628 23.7291037311492 23.5930937979245 23.4648563858987 23.3445919416769 23.2324153108144 23.1283639487192 23.036374636257 22.9625730350731 22.9065737570377 22.8674390339779 22.8424719912181 22.8321329012139 22.8376551942603 22.8563882784231 22.8927686882903 22.9490749913027 23.0234831332118 23.1157463812078 23.2255566214704 23.3517723825229 23.4939121602209 23.6517162943903 23.8249524826332 24.0134108197019 24.2168983177456 24.4351862029654 24.660931779288 24.8724843164273 25.0789774104729 25.2878173107263 25.5028427528871 25.7270282424623 25.9549180949915 26.1804657014448 26.4013878640714
26.9577953075406 26.6692521786296 26.3868552098046 26.1078940473178 25.8350928418254 25.5707483576673 25.3196891271261 25.0839903326855 24.8637633606185 24.6591236786395 24.4701770637263 24.2970072530942 24.1381565800428 23.9912147448211 23.8518550119643 23.719626571554 23.594743134175 23.4773484724962 23.3677551236772 23.2728375290718 23.1954750748153 23.1352392541446 23.0909524790788 23.0606302296553 23.0447387079326 23.0437268087902 23.055935926735 23.0878269099691 23.1384910360374 23.2069180667016 23.2928701796916 23.3954340621031 23.5135856332991 23.6470582455063 23.7955563377556 23.9588008465263 24.1365239652088 24.3284633193058 24.5300450795897 24.7175886340465 24.8978188482432 25.0796818618551 25.2628230407124 25.4482523645921 25.6363992521521 25.8208237928886 26.000219827107
27.4407597373271 27.1598960792598 26.8781480219696 26.5965369678197 26.320168881467 26.0527368558848 25.7949017235838 25.5502465259264 25.3201002976743 25.1045956306805 24.9038644970373 24.7179701199492 24.5448591259464 24.3835929116478 24.2330719598095 24.0892631418173 23.9521201164614 23.8218891862009 23.698753684011 23.5840954286558 23.4854892960177 23.4038855600815 23.3385944360765 23.2882494778726 23.2525486124996 23.230874458598 23.2233700991719 23.229715849463 23.2564448098743 23.301182162385 23.3633271204715 23.4424186697863 23.5365531500872 23.6456890305369 23.7694737829725 23.9075669121548 24.0596351312791 24.2253470315386 24.4017246299275 24.5644848378207 24.7190255888097 24.8747937135941 25.0312224527565 25.1878988904347 25.3403178216707 25.4854481453878 25.6253136622694
27.8663728164333 27.6128725860235 27.3395585597602 27.0608949852897 26.7874950473688 26.521840514565 26.2641456761539 26.0146544265203 25.7747077715123 25.5480582740626 25.3352278922866 25.1361824849807 24.9486295748985 24.7721290274882 24.6069120938377 24.4516402472595 24.3026258747316 24.1600087146119 24.0240705510969 23.895031056376 23.7756554745284 23.6728167043972 23.5861262041694 23.5139903659588 23.4585528386778 23.4175184555551 23.3900816239088 23.3762767200466 23.3770746590976 23.3982280425554 23.436849859605 23.4925042165063 23.5633907719934 23.6483489389502 23.7476246780528 23.8608237486809 23.9875566151481 24.1274337093432 24.2785668193525 24.4170778042175 24.5449742268212 24.6754641508561 24.806402889202 24.9370941727625 25.0627986221943 25.1769782231969 25.2802055453825
28.2298104485914 27.9841615430354 27.7385428830747 27.4930456748872 27.2378158225705 26.9744678629723 26.7175350068154 26.4672979840067 26.2240841262706 25.9884642066422 25.7634375280631 25.5508168135882 25.348578706595 25.1566448272173 24.9753529881106 24.8049828542614 24.6442468313977 24.4896512591401 24.3413859623408 24.1997577747647 24.0650091159054 23.9411476607262 23.8332627967892 23.7392746939574 23.6619660472763 23.601474652633 23.5553321316492 23.5224261753773 23.5026579281026 23.4980036061312 23.5134057574826 23.5458454073839 23.5944352263906 23.655880336857 23.7310065702295 23.8197348532697 23.9216280295718 24.0362484219734 24.1612244133213 24.2759643119803 24.3798197075955 24.4841699253552 24.5904251968664 24.6968131497795 24.7970782519641 24.8855869413396 24.962725487158
28.5633590661258 28.3293501675527 28.0936959929195 27.8566586675482 27.6185572877955 27.3819951507291 27.1492503373713 26.9029486572099 26.6575787602191 26.4181070078299 26.1850561169184 25.9604126358361 25.7437244074915 25.5360729947558 25.3385005311228 25.1514039572423 24.9751029104672 24.8086312471626 24.6485042925607 24.4948281077892 24.3479143258386 24.2080079384322 24.0792521546168 23.964251069639 23.8645996351382 23.7825737154992 23.717187927751 23.6663404935503 23.6285266842689 23.6032871260335 23.5932028406638 23.6028688256658 23.6291692497148 23.6689953213898 23.7206667209711 23.7854853197372 23.8631779378269 23.9532677623189 24.0518144430349 24.1446194021463 24.2259137435821 24.3053407112317 24.3863851503207 24.4685346021956 24.545009275886 24.6094810523127 24.6627104315205
28.8681256930627 28.6473152706876 28.4233279377177 28.1963096483329 27.9664762642549 27.7345258449845 27.5039478217209 27.2758007011338 27.0505578820986 26.8287828803096 26.5912345231501 26.3578559717135 26.129065365146 25.9077984532205 25.6948559264205 25.4910267447793 25.2976275420047 25.1151387257578 24.9430759794209 24.7779274332972 24.6195019363115 24.468091006561 24.323296260387 24.1879920358798 24.0668169619345 23.9629462534579 23.8764918206124 23.8065128125849 23.7514879059275 23.7093898585839 23.6795182187665 23.6641016631816 23.6681804754849 23.6871643514162 23.7175405517669 23.759263580507 23.8135077406872 23.8798737723172 23.9529283770333 24.02495201515 24.0849968934571 24.140959765885 24.1983709532765 24.2564626200709 24.3079943503767 24.3495924209834 24.3812901622893
29.1424353053743 28.9367951518122 28.7263639126252 28.5110728309432 28.2909636607003 28.0662476323113 27.8385536314183 27.6111856569468 27.3848843932957 27.160427679978 26.9386773094721 26.7199341102668 26.4981253800498 26.2637215860661 26.0370931138446 25.8191680699778 25.610616025804 25.4119693062618 25.2237390095115 25.0465880431984 24.8773905622595 24.7152848694632 24.5599850467407 24.4095904875228 24.2683448229604 24.1431050612607 24.0355027147617 23.9450871411531 23.8710510020154 23.8123184053024 23.7666538198141 23.7332763648241 23.7128473926235 23.7108725367329 23.7210990674837 23.7421094363574 23.7738843058288 23.8172916157321 23.8661983483458 23.9162190723022 23.9570089657207 23.9926060748638 24.0279841898252 24.0633250765542 24.0909502583376 24.1088144952426 24.1189072538134
29.3846433880426 29.1964328915566 29.001736019571 28.80014025145 28.5913860661185 28.3754843847637 28.1528093105331 27.9263091434547 27.6987019946637 27.4711074766913 27.2447597703947 27.0203810760971 26.7969190816705 26.5752347611179 26.3572559719438 26.1277550161598 25.9052209867786 25.6926731088101 25.4905512668721 25.2991694431771 25.118737453244 24.9472229413032 24.7824755075688 24.6228879075523 24.4683559306735 24.3229222177696 24.1948487546132 24.0841782600042 23.9904368421738 23.9130037632286 23.8509506841156 23.8025569319216 23.7664880582166 23.7420105361738 23.731774819787 23.7334166728138 23.7453350252814 23.7669236937529 23.7931141222684 23.8217353878258 23.8439733385327 23.8616504607013 23.8765835484893 23.8902234231398 23.8953754678628 23.8912033836146 23.880383719433
29.5927279778367 29.4246527724823 29.2484439685915 29.0630908706709 28.8677638731577 28.662059881951 28.4462066774068 28.2212950418802 27.9915690464456 27.7597657864366 27.5277259376475 27.2968340621432 27.0664084804391 26.8374904585794 26.6111842434081 26.3894719848625 26.1755741943566 25.9513205244953 25.7361229390993 25.5319095226358 25.3388650081158 25.1570885972056 24.9857492768688 24.8197131445837 24.6583150035132 24.5018339950206 24.3545631776248 24.2244876706379 24.1115572673925 24.0152798126383 23.9351595272648 23.8702981604701 23.8198369685025 23.7817417779984 23.7525632178986 23.7336393583384 23.7270793141397 23.7297462924172 23.7350375798214 23.7423980856656 23.7480727461382 23.7474685048295 23.7453185318625 23.7379778402186 23.7220341828283 23.6976035358114 23.6676136289884
29.7494279370759 29.6286231757321 29.474931209764 29.3095364421654 29.1305711632475 28.9367809340086 28.7280687342125 28.5057282511421 28.2725814649339 28.0343967790688 27.7945559360087 27.5553106639257 27.3164478534874 27.0790233161532 26.8443146701392 26.6132828732444 26.3881701877177 26.171857267208 25.9589340624771 25.7421847234519 25.5372343478634 25.3441765594991 25.1626406231953 24.9905981005541 24.8251000223801 24.6645184329327 24.5094212995401 24.3637488469856 24.2336490227647 24.1200807494614 24.0225999666802 23.9407797080631 23.8740505229121 23.821682704139 23.7802269804369 23.745902016401 23.7201535882099 23.7048199336229 23.6925318374753 23.6808434462478 23.6688028297969 23.6521189117207 23.6340394306753 23.6071686873199 23.5714266796885 23.5285585785729 23.481018729763
29.8391489556149 29.755117531453 29.6455169378019 29.5271277511271 29.3836095428474 29.2038528200912 29.0019360582812 28.7800217878899 28.5426257606828 28.2954425751028 28.0456128533453 27.796690549209 27.548976833476 27.3031971071028 27.0605622539709 26.8219260456462 26.5879009756496 26.3611614578308 26.14380089565 25.9360465799852 25.7207082948048 25.5151834980099 25.3217236534354 25.1389886987081 24.9654883746865 24.8010620519534 24.6430808965829 24.4915854972891 24.3495884218439 24.220652794033 24.107866085776 24.0107821751149 23.9289746933852 23.8620352262395 23.8072200438665 23.7613511953388 23.7231463909052 23.6912467901513 23.6630160096495 23.6356687078283 23.608424611461 23.5768370225466 23.5402209050157 23.4951657972803 23.4408488545776 23.3804402339848 23.3154384379452
