pm10_min.txt
NCOLS 541
NROWS 200
XLLCORNER 12.09692
YLLCORNER 48.55814
CELLSIZE 0.0125
NODATA_VALUE -9999
[rows 63 to 83 of 200, columns 188 to 234 of 541]
25.7959421192776 25.7263333742033 25.6746258457993 25.6406541272636 25.6239963322526 25.623972127765 25.6396491996516 25.6698557669683 25.7131967381115 25.7680721005271 25.8284483117783 25.8647965348092 25.9037750854867 25.9438371336713 25.9836066943823 26.0226214583368 26.0598650456491 26.0941878361079 26.1243935611771 26.150968419476 26.1744367253106 26.1948182635483 26.2117286026951 26.2259970382461 26.2384585001837 26.2496648622257 26.2598569704065 26.2776883246981 26.2985061568253 26.3127904296964 26.319274364409 26.3181707850855 26.3096747525581 26.2939719566942 26.2712493285085 26.2417042355374 26.2055520466859 26.1619345243301 26.1078337675336 26.0432277557637 25.9702720292389 25.8932916364398 25.8128238317558 25.7293029623157 25.6431771503981 25.5547484088757 25.4671191483253
25.9468278235568 25.8659012355843 25.8048745143189 25.7637165667283 25.7420456806575 25.739132837352 25.7539190343674 25.785040237166 25.8308531647466 25.8894565282886 25.9587057534864 26.0019807948331 26.0441474978394 26.0870172042106 26.1295129622516 26.1698650230105 26.2064032368874 26.2380872287366 26.2649417763721 26.2870657168349 26.3044455466278 26.318046757375 26.3280581319174 26.3350409791738 26.3396220616594 26.342448606304 26.3443988128327 26.3497552296621 26.3626600109122 26.368762075277 26.3675561974759 26.3592852875322 26.3441647852419 26.3223956093646 26.2941749239342 26.259704903383 26.2191996343541 26.1728902562764 26.1195639318897 26.056299147495 25.9831875825243 25.9034191084416 25.8206054281431 25.7351376004688 25.6474161901828 25.5579839402488 25.4691077532118
26.074051237392 25.9809062529718 25.9102483549069 25.8622037717352 25.8364122395829 25.8320467909914 25.8478581554387 25.8822297943459 25.9332284695392 25.9986369198244 26.0759594150181 26.1341542807838 26.1817187273908 26.2314511218561 26.2799473035364 26.3243255154957 26.3623356449571 26.3926034411014 26.4145838886009 26.4289488459241 26.4372441990221 26.4413925019014 26.4426670871293 26.4404942300776 26.4358248813609 26.4298699404666 26.4235979769696 26.4182815759716 26.4204542953809 26.418422246111 26.4096611001545 26.3944091117819 26.3728767363513 26.3452597128086 26.311749205387 26.2725396190758 26.227834503737 26.1778508273958 26.1228218187419 26.0608116745238 25.9893518957154 25.9087730520049 25.8235841387906 25.7361139631217 25.6467213080425 25.5569519976819 25.4686833320488
26.1752208059024 26.0685250377582 25.9876762568774 25.9329836751584 25.9040532348412 25.8998474743231 25.9187901521015 25.9588871072166 26.017834072279 26.093085803205 26.1818657776826 26.2602524450658 26.3160743775658 26.3754288646971 26.4341275232577 26.487093739496 26.5299756319186 26.5595785427682 26.5752373631547 26.5789475316346 26.5741636176084 26.5642923999258 26.5515108575323 26.5376543737469 26.5230638670956 26.5082753663353 26.493713889777 26.4781717630301 26.4689804121487 26.4591161386453 26.4431464433914 26.4212778083802 26.3936960095455 26.3605771653519 26.3220958648976 26.2784311761514 26.2297710324814 26.1763153122649 26.1182778200255 26.0558158117173 25.9859566155023 25.9071572361932 25.8204499503576 25.7310105441412 25.6403697721896 25.550916699375 25.4632691376341
26.2468197919484 26.1244862913694 26.0325254451672 25.9714235452415 25.9405954978165 25.9385339213767 25.9630390182592 26.0114699230952 26.0809640843765 26.1685860856162 26.2713801315504 26.3758512661971 26.4429172403105 26.5153029729843 26.5890686243379 26.6574870032603 26.710569870201 26.7403003561191 26.7455567678458 26.7327644965137 26.7098479151774 26.6820411385303 26.6529868982481 26.6248993260757 26.5987661915391 26.5740533970614 26.5494385114009 26.5249902138972 26.5051664511064 26.4881083061012 26.4655448229191 26.437638374905 26.4045428178349 26.3664104279668 26.3233968904148 26.2756649217368 26.2233868631899 26.1667464435169 26.105939836217 26.0411760999539 25.972156841021 25.8952516335706 25.8098524478479 25.7186971480903 25.628042555998 25.5390657482113 25.4521036898703
26.2854429554303 26.1443605789774 26.0400401116429 25.9730729703291 25.9423202562959 25.9452623667108 25.9784880746285 26.0381890743122 26.1205610586821 26.2220657681894 26.3400836529177 26.4735304349188 26.5537865456509 26.6410615521494 26.7338116783958 26.826390409723 26.9035977487674 26.9352015214834 26.916737512717 26.8761851158422 26.8295927769759 26.782966955728 26.7386788413764 26.6978338113158 26.6607081268159 26.6254801315545 26.5910722225409 26.5576440413509 26.5277850293068 26.5034758696673 26.4746788461039 26.4414053669586 26.4034953586707 26.3609688831497 26.3139697637257 26.2626503075054 26.2071724452059 26.1477084769078 26.084441442337 26.0175651333512 25.9472837722379 25.8721764734684 25.7889174407944 25.6990373028681 25.6088766110716 25.5205842575219 25.4344682516786
26.2876721982325 26.1233103442413 26.0052777463924 25.9340407552143 25.9070973208007 25.9198126073891 25.966472971106 26.0412251816831 26.1387194953274 26.2547177779105 26.3877215029946 26.5355052357551 26.6390768885021 26.734225355681 26.837597653325 26.9488003078798 27.0675517967128 27.1093540741217 27.0390833327344 26.9727538640563 26.9105401211795 26.8526116362615 26.7991418461623 26.749806864708 26.7031109363818 26.659033533351 26.6172996439957 26.5770120518753 26.5394713146475 26.508272177601 26.4731694546017 26.4339751981967 26.3907722736292 26.34364994469 26.2927051001191 26.2380433162665 26.1797752505718 26.1179028887308 26.0525358318072 25.9838583429514 25.9120623212543 25.8372585911997 25.7569382761397 25.6711738393507 25.582050903438 25.4946993644622 25.4096664449439
26.2498194696314 26.0555137608386 25.9228779971342 25.8516158973057 25.8359773464311 25.8669237997056 25.9345117898051 26.0297443922879 26.1455630257026 26.2773977585164 26.42224519329 26.5770897030479 26.6968651062726 26.7863704126985 26.877891634901 26.9659124929865 27.0361583245142 27.0626576429169 27.0404693854776 26.9938046419869 26.9394523809883 26.8840454908106 26.829521315256 26.7759148423697 26.723953767742 26.6741144607131 26.6267341182565 26.5817928370279 26.539073169714 26.5023963068792 26.4621570889373 26.4180386069528 26.3701612836344 26.3186433770164 26.2636037776025 26.2051641418906 26.1434504958857 26.0785943915025 26.0107336723188 25.9400128924931 25.8665834280438 25.7911172149747 25.7145056193685 25.6330801950857 25.5468108536205 25.4606896873856 25.3770159779402
26.1677917018456 25.9331336163373 25.7868360343105 25.7260128275586 25.7367740438495 25.8009205192145 25.9014588589983 26.0249239202522 26.1622135971481 26.3087849052453 26.4607746380651 26.6152888049258 26.7404229074707 26.8157163708881 26.8862539740954 26.9466925997917 26.9895774944984 27.0074828064007 26.9998328411495 26.97234247187 26.9321555551672 26.8843479737028 26.832338226036 26.7786514316838 26.7248875589382 26.6721045197422 26.6210357319645 26.5722137218535 26.5261805805828 26.4854163599078 26.4411044076962 26.3929910343583 26.3412573749263 26.2860680267055 26.2275771015336 26.1659326315236 26.1012797855702 26.0337631917684 25.9635285635069 25.8907237680401 25.8158962828237 25.7409718591792 25.6663222953219 25.5887712167625 25.5063468641484 25.4214605358851 25.3390803555898
26.0388650711948 25.7447783634264 25.5913109654088 25.5670414930306 25.6349627238751 25.7564403845194 25.9037026730024 26.0602686255336 26.21858806629 26.3752147174284 26.527785264058 26.6747854492856 26.7899332592154 26.8482997347169 26.8987839708814 26.9385519745069 26.9640180520139 26.9727000840595 26.9650768505789 26.9436631940952 26.9096878886579 26.866336600614 26.8170129129745 26.7643093326723 26.7101291251915 26.6558600668929 26.6025235358608 26.5508847404031 26.501703236641 26.457531443418 26.40997852821 26.3586283474714 26.3037289113215 26.245496910998 26.184126862347 26.1197978112027 26.0526782642546 25.9829297964032 25.9107096471083 25.836556363914 25.7623259827306 25.6884214560396 25.6150483006223 25.5411411027639 25.4628140277557 25.3804817703791 25.2996878716376
25.8770109956851 25.4746449302402 25.3405167079575 25.4208933204348 25.5991066628271 25.8021737412537 25.9997492895306 26.1826871732958 26.3511117112605 26.5059091033343 26.6480490055853 26.7782752119243 26.8618944176737 26.9011103420457 26.9317849704695 26.9526535056536 26.9619543527585 26.9594070190169 26.9446986954368 26.9188589317468 26.884015580407 26.8410259509126 26.7920561452078 26.7392519978351 26.6843748597292 26.6288293233543 26.5737221911613 26.5199249538568 26.4683041713711 26.4201134103509 26.369091972938 26.3150349051758 26.257495524192 26.1967229817017 26.1329482756955 26.0663794596743 25.9972076853903 25.9256117210249 25.852231551275 25.7788236814477 25.7057278568422 25.6331535684801 25.5613048972536 25.4901783406742 25.4159939265363 25.3373633562503 25.2584791987295
25.8410692681299 25.1050765851283 25.1413716365303 25.4768487888102 25.7934136893967 26.0539430408949 26.2645011068604 26.440300142792 26.5915829495775 26.7232732383199 26.8385125355637 26.9356725545579 26.9652522868484 26.9814776658266 26.9901928623198 26.9905579979778 26.9819663949339 26.9636898202411 26.9364487407442 26.9014700051423 26.8603467486261 26.8140096997722 26.7626832128553 26.7079723854915 26.6513261511904 26.5939824131866 26.5369764148199 26.4811645538189 26.4275292390754 26.3753563496694 26.3202804556453 26.262637601502 26.2026200691752 26.1396792448794 26.0738706275892 26.0054238415887 25.9345477806945 25.8621218347875 25.7896999075797 25.717546986409 25.645883672103 25.5749220670443 25.5048666396256 25.4359146255135 25.3658726542667 25.2915292172911 25.2150971333472
26.7243346402882 26.0367046494906 25.9299678851503 26.1599501023939 26.431957570082 26.5999615130484 26.7328432880711 26.848465334253 26.9476934185893 27.031410704056 27.096907016569 27.1067397944536 27.1006033715465 27.0889593837419 27.0717971822792 27.047724090761 27.0170007251459 26.9801097699514 26.9377078589193 26.8906700050966 26.840069338091 26.7870386133271 26.7311276348862 26.6728167297828 26.6132153000858 26.553323445571 26.4940206385161 26.4360680727326 26.3802946024077 26.3240459853929 26.2650169632868 26.2035462424784 26.1399193602181 26.0743787718686 26.0067993306981 25.9367628303718 25.8655598449973 25.7943030186505 25.7232417446327 25.6526121246116 25.5826390087891 25.5135374039722 25.4455133243686 25.3787641443981 25.312437799327 25.2423887197505 25.1692012958928
28.2846147836477 27.6555001650546 27.3215135564382 27.2327636416658 27.2607168117585 27.2994464510087 27.334233251315 27.3673276220169 27.3914420347853 27.3794547559007 27.3430263822962 27.3027799568085 27.2600397791802 27.2147163981586 27.1661860977008 27.1145928994512 27.0601976808217 27.0032721451876 26.9441836537912 26.8834360653356 26.8216712535416 26.7596420187471 26.6975506534202 26.6344261381727 26.5709477874018 26.5078672239506 26.4458774629483 26.3856051827674 26.3271267422784 26.2667059885109 26.2037346340761 26.1385268292533 26.0713544790075 26.0024537700177 25.9321742311783 25.8620635335209 25.7921426799411 25.7223195634598 25.6528462541681 25.5839617093232 25.5158935697263 25.4488594056141 25.3830674448894 25.3187168050113 25.255672306974 25.189875364279 25.1204612951464
29.2926044780354 28.8093121489127 28.4605199101821 28.2370023200675 28.1085529572895 28.0280537770011 27.9463002987233 27.86175411594 27.7756908285673 27.6868108459219 27.5975548121287 27.5096776501117 27.424514381357 27.3419254092751 27.2610453594221 27.1816567711116 27.1035175363156 27.0264592906935 26.9504413016097 26.8755702338897 26.8020956426077 26.7303891293486 26.6608592694526 26.5923153133238 26.5244720764105 26.4578517189352 26.3929627998151 26.3302881006838 26.268277957088 26.2036034937511 26.136690471125 26.0678109308161 25.9972075526994 25.9256965211876 25.8546037182728 25.7841917011141 25.7146818956792 25.6462520973041 25.5785491382186 25.5115877170494 25.4455964681969 25.3807947881481 25.3173933971938 25.2555944456287 25.1955535138826 25.1339169070771 25.0685547243889
29.7113593061225 29.41979640099 29.131753601714 28.886796428114 28.6911036389574 28.5364644099495 28.4061396767881 28.2764684102506 28.1347189728925 27.9809197863563 27.8339227439299 27.6974249840953 27.5714004185809 27.4537553815054 27.3430031844763 27.2380829404681 27.1381235223958 27.0424676236649 26.9506687822775 26.8624756587337 26.7778089393397 26.6967338084593 26.6194304997709 26.5454018778011 26.4731818883957 26.403026998271 26.3352830076519 26.2702993431297 26.2037233053795 26.1347958388759 26.0639894220182 25.9916465032341 25.9191621512216 25.8470827839296 25.7756477780585 25.7050813413432 25.635594259643 25.5673856030052 25.5006442931632 25.4355309189384 25.3717478047513 25.3093008453157 25.2484031050834 25.1892605594722 25.1320717031441 25.0744310809595 25.0131743992141
30.021396077268 29.6476843245806 29.3312786809475 29.0761559237024 28.8704978620739 28.7066548548254 28.5779924823632 28.4446069174919 28.2381425132654 28.0497592023338 27.8811635629573 27.7312775286589 27.5971462158288 27.4767680414118 27.3685267991954 27.2708175525741 27.1558804220653 27.0447182301031 26.939550001577 26.8398950643572 26.7454574696492 26.6560951719991 26.5717913154675 26.492446940056 26.4162760709357 26.3429383036516 26.2726500443603 26.2046583330328 26.1332772749248 26.0602164581286 25.9864864294033 25.9129392391503 25.8398078052703 25.7673159189803 25.6956779710464 25.625099224995 25.5557764317921 25.4878986297555 25.4216480125451 25.3572007771232 25.2947278832919 25.2343956674847 25.1760688048434 25.1196357841605 25.0653011920735 25.0113448895622 24.9540317417036
29.7197370926329 29.5124678111935 29.2847087406107 29.0698429593716 28.8774056520435 28.708978234894 28.556302081061 28.3939514727197 28.207439157237 28.0201696096758 27.8471281234297 27.6906946256672 27.5503059437703 27.4247329197771 27.3120949985227 27.2107233669294 27.1184788358399 27.0283385547261 26.9130682395851 26.8045438098598 26.7023941249196 26.6063839634068 26.516392992178 26.4323950751345 26.3530463519699 26.2771638413761 26.2048731831139 26.1324027228193 26.0572561702235 25.9821979254495 25.9074255626916 25.8331337649993 25.7595172657574 25.6867687475627 25.6150775757489 25.5446291584697 25.4756047602495 25.4081816289168 25.3425333246646 25.2788301635499 25.2172397055744 25.1579272293793 25.1010561411913 25.0467882642315 24.9952211044976 24.944627949575 24.8909464377124
29.3545466154893 29.2488250476491 29.0988085195625 28.9305919390091 28.7603278870696 28.5937936145253 28.4294393335814 28.2625009690925 28.0920795557534 27.9232634033573 27.761799661698 27.6113243511463 27.4733531651782 27.3481874058047 27.2355472821251 27.1349229844283 27.0440463692398 26.960527429173 26.8690040377087 26.7545070091561 26.6470121487548 26.5462938323307 26.4522129953869 26.3647070623136 26.2830787185406 26.2054885595371 26.1321274842877 26.0556737623806 25.9790821903511 25.9029325862871 25.8273739599472 25.7525638875785 25.678665175261 25.6058434080525 25.5342652327218 25.4640972317871 25.3955052623198 25.328654151163 25.2637076564916 25.2008286225024 25.140179268532 25.0819215654923 25.0262176607123 24.9732303164943 24.9231233268774 24.8747288383194 24.8239153552875
29.0989540819588 29.0123462890964 28.8880867587183 28.7434915624676 28.5889677660381 28.4298217682141 28.2683459831996 28.1068159841015 27.947490748081 27.7924107580955 27.644131424659 27.5041535295916 27.3738426481366 27.2545716137304 27.1467832983528 27.0488346429218 26.9593034160039 26.8773864734394 26.8027806796949 26.6893244124945 26.5788467890637 26.4754131243237 26.3789267982535 26.2893477154806 26.2070115820426 26.1303960032446 26.0554064761204 25.977189287734 25.8995904128064 25.8227155027093 25.7466845442294 25.6716282282404 25.597685003304 25.5249987618317 25.4537170875351 25.3839899857375 25.3159690189463 25.2498067759605 25.1856566114877 25.1236726032341 25.0640096836552 25.006823913392 24.9522728724928 24.9005161536423 24.8517159486193 24.8047161897509 24.7553930614799
28.9359949291697 28.8246591330691 28.6929276263576 28.5503397597745 28.4014558148469 28.2483801971874 28.0949193974256 27.9430090057576 27.7940113598478 27.6496341708027 27.5114994613094 27.3811528527928 27.2610893268443 27.1511790710622 27.0498862997318 26.9562774795724 26.8701348235665 26.7910563966563 26.7188369467923 26.6098009630098 26.4984709007061 26.3943192347514 26.2980131818658 26.209702545589 26.1293953458195 26.0549640332033 25.9762781381985 25.8973000711213 25.8191688733839 25.7419745991149 25.6658203069727 25.590819463878 25.5170936951526 25.4447709046352 25.3739837582759 25.3048685063767 25.2375641099641 25.1722116332363 25.1089538646843 25.0479351328788 24.9892433136711 24.9329325691593 24.879195661973 24.8282268526396 24.7802182423661 24.7338773183092 24.6852153781674
