pm10_min.txt
NCOLS 541
NROWS 200
XLLCORNER 12.09692
YLLCORNER 48.55814
CELLSIZE 0.0125
NODATA_VALUE -9999
[rows 147 to 167 of 200, columns 376 to 422 of 541]
25.433287100169 25.1432404403255 24.8740821283624 24.6277894061297 24.4027467110237 24.1976385992564 24.0123094730435 23.8485808720166 23.7081545734888 23.5901531086423 23.494883780245 23.4229804694681 23.3751746081599 23.3520973530004 23.354301791424 23.3848580418454 23.4398151004736 23.5172503247982 23.615033751019 23.7308116151835 23.8622226835771 24.0070511763659 24.1633107616074 24.329274620516 24.5034712544832 24.6846621470044 24.8718118791542 25.0640567191657 25.2606746972723 25.4341573915962 25.6007142961824 25.770696003207 25.9437852224168 26.1196976793514 26.2981711155329 26.4789560141373 26.6618078505914 26.8474390695145 27.0331432911668 27.2173520396528 27.3962029389353 27.5649282811725 27.7323084834835 27.892812323001 28.0371923827909 28.1644563449898 28.2730217118985
25.551930426714 25.2699590019054 25.012021728731 24.7775393667973 24.564680902684 24.3721334614454 24.1990160090621 24.0455127840801 23.9134483943376 23.8028814265124 23.7142649706616 23.6485067878518 23.6054447117931 23.5851155082209 23.587420401612 23.6154177662498 23.665301360094 23.7353193866723 23.8239704031339 23.9294620644848 24.049945141938 24.1836208901559 24.328814988383 24.4840206666537 24.6479163464269 24.819364916888 24.9974012110677 25.1812128184096 25.355530072343 25.5121175405573 25.6731953846595 25.8384155724502 26.0074729976517 26.1800923229258 26.3560166075356 26.5349975352464 26.7167870495528 26.902375139139 27.0894107212223 27.2755538126834 27.4572722968307 27.6316030260166 27.8048581541582 27.9716085801899 28.1227962962767 28.2571340840223 28.3725732379254
25.6279247895845 25.3646219263516 25.1252298273254 24.908056238193 24.7116102502495 24.5348232076479 24.3769645287475 24.2375773981615 24.1169742368947 24.017085564708 23.9380113255751 23.8797024129243 23.8420841952429 23.8249690087126 23.8283241202502 23.8552893369931 23.9026397795507 23.9682889508444 24.0508689906007 24.148885067891 24.2608585251011 24.3854616846003 24.5212916386617 24.6670585136765 24.8216183575957 24.9839804269848 25.1533022350953 25.3201223990402 25.465349837932 25.6157505223929 25.77128570925 25.9316506769028 26.0965760678956 26.2658151769745 26.4391328869346 26.6162960297184 26.7970679272812 26.9827312698987 27.1711517390253 27.3593364771091 27.5442460371059 27.7244655780751 27.9041505432224 28.0771309831953 28.2350685778471 28.3765775094724 28.4992056461323
25.6685649506045 25.4319273639223 25.2162571867159 25.0203624505816 24.8433643563025 24.6846268647583 24.5437066478159 24.4203129192071 24.3142704259698 24.2257942429387 24.1567886268433 24.107418412099 24.0774318903077 24.0664769070686 24.0740576995774 24.1026047901188 24.1503033330665 24.2139667382344 24.2929110227632 24.3861299105206 24.4922772329011 24.6100336662577 24.7381564106572 24.8756907303971 25.0218153705856 25.1757126241825 25.3280154435208 25.46021911412 25.5984523913706 25.7426796291103 25.8926296604655 26.0480683865592 26.2087851370725 26.3745810386499 26.5452590625713 26.7206153166617 26.9004750223575 27.0864360181061 27.2763199551506 27.4666678635253 27.6555105425274 27.8419186828899 28.0286002458241 28.2079055210593 28.3726816413791 28.5215808265124 28.6516889769713
25.6876390117288 25.4807388236088 25.2909713539106 25.1180988133148 24.9619273804117 24.8223062778669 24.699124899137 24.5923053893196 24.5017895852442 24.4275199781769 24.3694979642424 24.3293239390458 24.3073830230575 24.3032303997467 24.3162893073842 24.3480505357134 24.3986474656723 24.464294210443 24.5438713475037 24.6361953119948 24.7400720545472 24.8541056811238 24.9767416252513 25.1076697842156 25.2463701513433 25.3779507278513 25.4960458010645 25.6210083615426 25.7525923160124 25.8906053087602 26.0348894515267 26.185305718837 26.3417217968323 26.5040026504752 26.672002909589 26.8455602214849 27.0246645497134 27.2111708710495 27.4026121833912 27.595207654329 27.7890745735296 27.9820339861187 28.1761584307924 28.361990254615 28.5339392014468 28.6904766564266 28.8285772943043
25.7002733603237 25.5213985837574 25.3564974879599 25.2060304752513 25.0703188973269 24.9495890837805 24.8440000587883 24.7536580759445 24.6786203403679 24.6188898061688 24.5744027746002 24.5450111561773 24.531505222239 24.5347828223057 24.5542180759898 24.5901044823037 24.6449054150352 24.713624083273 24.7950121083984 24.8878438668173 24.9909041169478 25.1030606120342 25.2233304598547 25.3509261158094 25.4615434518823 25.5677433712359 25.6803771972817 25.7993230570599 25.9247782574219 26.0568310848871 26.1955249701439 26.3408871908487 26.4929200371783 26.6515955016317 26.816852354714 26.9885907038056 27.1671355354808 27.3543907141305 27.5474791866027 27.742390873615 27.9422688048406 28.1418539465019 28.3430571646105 28.5348062280754 28.7131232038803 28.8760288133086 29.0204078928602
25.7181953433951 25.5623962264017 25.4189111574218 25.288404074424 25.1713867640896 25.0682496612155 24.9792846451589 24.9046992107553 24.8446223954114 24.7991032258648 24.7681026313397 24.751479943196 24.7489753580714 24.7604850257381 24.787112176391 24.828519344901 24.8882171070981 24.9615504744227 25.0463965178234 25.1413579270146 25.2450538822768 25.356237134595 25.471469133779 25.5623776273832 25.6576646441437 25.7588654155452 25.8660619942079 25.9794168310225 26.0991116333909 26.2254008954079 26.3587892479617 26.499420599549 26.6473527727725 26.8025974261336 26.9651236083351 27.1348600060426 27.3126900101318 27.5001922000942 27.693988983266 27.8914008278218 28.0961691238636 28.301413083509 28.5080494611258 28.7045995534235 28.8886425796696 29.0577849416772 29.149296549458
25.7467406363782 25.6080833442702 25.4816104516127 25.3677512141628 25.2669024631764 25.1794068064771 25.1055443410311 25.045528788731 24.9995034314088 24.9675344907584 24.9496007614026 24.945578902166 24.9552241197108 24.978146264619 25.0137818841213 25.0623592560573 25.1272751873601 25.2068434436759 25.2969534042082 25.3958595284196 25.5017860439689 25.5970994839916 25.6785502750908 25.7646260387113 25.8553140077976 25.9509491301422 26.0520465522149 26.1591530953134 26.2727529018756 26.393225867206 26.5208412996692 26.6559723291302 26.7990855055072 26.9502511380731 27.1094816852658 27.276756287041 27.4538221381297 27.6413788419741 27.8354618130981 28.03723682968 28.2467043481925 28.4581857663043 28.6696574623576 28.8713576856201 29.0617757355618 29.1368262978055 29.1822184959295
25.7848554773548 25.6584098909781 25.5449566848958 25.4445135324942 25.3572067083751 25.2832047760553 25.2226793122171 25.1757803293116 25.1426189450254 25.1232527074395 25.1176705803546 25.1257753720604 25.1473616048241 25.1820866334868 25.2294324329038 25.2886553731023 25.3600752976755 25.4474529673184 25.5449659394068 25.650132357988 25.7272891483112 25.805005309523 25.8852566241435 25.9676610464256 26.0527509764299 26.141614064677 26.2354671442357 26.3353783337338 26.4421644293576 26.5563954879694 26.6784408356142 26.8085205512484 26.9467645255938 27.0936396619144 27.2493580109859 27.4141938585049 27.5903962200664 27.7776685341192 27.9726713125328 28.1794675724652 28.3926410952254 28.6100826442207 28.8247836154859 29.031072752086 29.101375284889 29.1578872571771 29.2095648344708
25.8276813831625 25.7103434098148 25.607039576742 25.5174375692142 25.4413958208266 25.37888574398 25.3299392185404 25.2946125980625 25.2729609102023 25.2650177393244 25.2707774430919 25.2901769096724 25.3230740015599 25.3692190434537 25.4282139376061 25.4994503469862 25.5820899419225 25.6794645782462 25.7767440069716 25.8525967460034 25.9326901840158 26.0135791623304 26.0927824356678 26.170079310331 26.2473833494975 26.3273768928681 26.4123906733064 26.5040632046748 26.6034294605971 26.7111028170603 26.8274266110688 26.9525775412728 27.0866314914768 27.2296043255437 27.3816584895374 27.5442790141949 27.719329772283 27.9057537918748 28.1034796281385 28.3142230067228 28.530193441371 28.7513100894001 28.9677819166626 29.0423237132502 29.1066021927841 29.1681460772744 29.2262014602323
25.8694841095523 25.7597672361043 25.6649011971703 25.584362869863 25.5178315327261 25.4651256869717 25.4261551574378 25.4008853262276 25.3893102901908 25.3914321322764 25.4072439286609 25.4367143547752 25.4797716278836 25.536283767693 25.6060302192177 25.6886555079782 25.7835858302807 25.8738624797447 25.9550247986035 26.0433846666518 26.1346527681204 26.2226345302557 26.3005421605471 26.3687453710463 26.4339318070394 26.5021848351489 26.5769572336736 26.6599491399192 26.7519645303779 26.8533676433562 26.9643045776633 27.084812589997 27.2148762813499 27.3544576517206 27.5035966209276 27.6644333760566 27.8379650685087 28.0243665644845 28.2251590848209 28.4378857756843 28.6559641176405 28.8769328760082 28.9617851989873 29.029990414077 29.0969440067759 29.1623418893387 29.2257313973434
25.9054760273941 25.8028976280875 25.7155949163095 25.6429987865278 25.5847096775642 25.5404577519556 25.5100684990473 25.493434467139 25.4904926674688 25.5012067400844 25.5255528757264 25.5635085290015 25.6150429928696 25.6801088050441 25.7586325241129 25.8505021779129 25.9355080644682 26.0137050007617 26.1057861553865 26.2095259257075 26.3213159485526 26.4303947063862 26.5052251854289 26.5521814777494 26.5997139375887 26.6554367712285 26.7210222849601 26.7968748175779 26.8830446092064 26.9794660971229 27.08603747979 27.2026523972041 27.3292141853471 27.4656427865979 27.612663885067 27.7723396732095 27.9446724420655 28.1329072130151 28.3357267241459 28.5477554865971 28.7658962546819 28.8635531227819 28.9326489010855 29.0007976175202 29.0684092322056 29.1353457487898 29.2014419115844
25.9322622860736 25.8369695092 25.7568168064429 25.6914646676727 25.6405078405502 25.6036422964541 25.5806449186736 25.5713544901672 25.5756549570591 25.5934612349918 25.6247074500693 25.6693373295456 25.7272963784766 25.7985254161658 25.8829549102458 25.9635777895584 26.036087870591 26.1196818580718 26.2151048348373 26.3245778365199 26.4444693497714 26.5679463332083 26.6421654788456 26.6797164045014 26.7223082431441 26.7743190927467 26.8368342945919 26.9098526277983 26.99326315768 27.0869344681021 27.1907411014715 27.3045739305296 27.4283447562542 27.5620750840277 27.7078230074903 27.8661286197304 28.0406043287325 28.2304881332442 28.4334106445808 28.6428289746315 28.7541274081545 28.8220543244867 28.8884985808713 28.9546675194697 29.0205298898982 29.08598293068 29.1509255070589
25.9418477656374 25.8566871795328 25.7855783523942 25.7281875946534 25.6842483556436 25.6539116934433 25.6373002297363 25.6342124883152 25.6444811059738 25.6679611175054 25.7045184797731 25.7540184239895 25.8163126476737 25.8912234194787 25.9674041324632 26.0315897954845 26.1058225133352 26.1894910231699 26.2815125677929 26.3822312989957 26.4872051640915 26.5856609054811 26.6671395610249 26.7326803685025 26.7927202513279 26.8549164857765 26.9228877968861 26.9982589176157 27.0822792477103 27.1755819359135 27.2783044432334 27.390505947451 27.5122122543344 27.6444400527922 27.7891086835397 27.9482182613341 28.1256718309173 28.3166226829644 28.5170651129714 28.6413092691741 28.7057425072005 28.7689402228763 28.8313059717046 28.8932739051029 28.954648971981 29.0151960292927 29.0746099078157
25.930371338428 25.855353373856 25.7938735714852 25.7456827176445 25.7105598409609 25.6883137616388 25.6787799469378 25.6818141805341 25.6972840119796 25.7252129455374 25.7657019635806 25.8185184656942 25.883382101217 25.9548856115824 26.0106690838804 26.0756818895335 26.1492232025412 26.2302476769802 26.3171553830571 26.4077824084973 26.501798239292 26.5930430571522 26.6775544709902 26.7553710812367 26.8294921106158 26.9036641050719 26.9808776062144 27.0631286808591 27.1516717299658 27.2472933514495 27.3505012486719 27.4619000320816 27.5823464778797 27.7141799702502 27.8588810857023 28.0225984296107 28.2011650086237 28.3916874343033 28.5293724069092 28.5886247048945 28.6477907164575 28.7052317946379 28.7619890528885 28.8178564724193 28.8724826260419 28.9254136036894 28.9760345105389
25.8978528166046 25.8327610997818 25.7805992333377 25.7411888477846 25.7143513058113 25.6999118807914 25.6976995096981 25.7075429559174 25.7292639222501 25.7626672806103 25.8075281362646 25.863574891673 25.9303672081662 25.9787848834237 26.0357328084235 26.1006882567039 26.1728914323107 26.2511923021692 26.3340711833136 26.4196057537663 26.5065072796426 26.5953494458247 26.6821556549791 26.7664771746093 26.8493815484482 26.9326019635017 27.0179428408479 27.1069448641758 27.2007994153203 27.3003883951122 27.4063582347855 27.5192139848082 27.64108050032 27.7739432349743 27.9240091880472 28.0906420223456 28.2693877024551 28.4225672961635 28.475378205455 28.5290283376326 28.5814214755567 28.6325120259286 28.6824875727382 28.730944754802 28.7773813457697 28.821154141898 28.8614181149677
25.8449373789749 25.7894104402963 25.7461751001423 25.7151047462024 25.69605323502 25.6888592722804 25.6933470646114 25.7093236022403 25.736572806578 25.7748465778093 25.8238525275391 25.883237902371 25.9310572452697 25.982511251312 26.0415793423915 26.1076090953688 26.1797773005134 26.2570656611397 26.3382583586527 26.4219881870923 26.5068614443524 26.5933196306423 26.6822168368902 26.7708601143585 26.859567810366 26.949172819989 27.0407004268169 27.1351756301286 27.2335131904378 27.3364785619291 27.4446905110226 27.5597022498316 27.6840935793337 27.823883746038 27.9801021839298 28.1481649356608 28.3189363498007 28.3676910204806 28.4164289620009 28.4639410904195 28.5088504889438 28.5528023157354 28.5953265682478 28.6357032525551 28.6733427729072 28.7075011135668 28.7372467870283
25.7726790318065 25.726241943884 25.6914728787283 25.6682786297027 25.6565346300338 25.6560885085111 25.6667607165713 25.6883423243416 25.7205900714019 25.7632187067457 25.8158905931027 25.8640188799054 25.9109942096042 25.9653940207264 26.0266887090434 26.0942388047886 26.1672862864052 26.244956833472 26.3262818890988 26.4102500588966 26.4958925560177 26.582394940174 26.6714745331236 26.7635003153985 26.8564067571543 26.9505595876072 27.0465214020018 27.144933889872 27.2464413091862 27.3516435471976 27.4616856156623 27.5794573242475 27.7111210699338 27.8580651488719 28.0175228178762 28.1859221289668 28.2621373964927 28.3069472947908 28.3511734485754 28.3926467997596 28.4318449805573 28.4687968393668 28.5032341963257 28.5353351031771 28.564205858013 28.5890296064512 28.60890213782
25.6823840033536 25.6444849348896 25.6176734553756 25.6018746923966 25.596976225258 25.602830600726 25.6192556618366 25.6460326762526 25.6829023058503 25.7295585043307 25.7785828232206 25.8218717768155 25.8724684532606 25.9299367589058 25.9937624595388 26.0633492423474 26.1380205787842 26.2170309828602 26.2995904153804 26.384904243298 26.4722275484788 26.56092689886 26.6505666378079 26.7434413388779 26.8395065192935 26.9369477705891 27.0360388342427 27.1371565818795 27.2407298686014 27.3475775421143 27.4607720564522 27.5866383686468 27.7263542394093 27.8782491924188 28.0387190660759 28.1596402676909 28.2006123587602 28.2413595843257 28.2802305486287 28.3160866404479 28.3496757849989 28.3806587016616 28.4085824351754 28.4329228889499 28.4532281412518 28.4693902067124 28.4803649023019
25.5755012548285 25.5455438506054 25.5261529697071 25.5172607225883 25.5187596020746 25.5305041278935 25.5523109111027 25.5839570931645 25.6251771991462 25.6755987630775 25.7157875246312 25.7632100921691 25.8175057011039 25.8782533787089 25.9449692501408 26.0171069538586 26.0940628920837 26.1751881236822 26.2598083038556 26.347251937215 26.4368852845123 26.5281499296344 26.6205971663216 26.7139595604019 26.810620981931 26.910507668089 27.0117752137834 27.114605462905 27.2195381287439 27.3300041552495 27.452126748127 27.5866249152134 27.732141604165 27.8860940036973 28.0448465535052 28.0992112737935 28.1360317645401 28.1719335893623 28.20487999088 28.2356290016138 28.2638546044284 28.2891082704128 28.3109836138209 28.3290346629379 28.3427017019956 28.3510878918281 28.3535422991226
25.4535486634322 25.4309173906047 25.4183981340445 25.4159217759198 25.4233804392871 25.4406285635736 25.4674828431291 25.5037209828158 25.5490793129019 25.593525357499 25.6381972370236 25.6897562110553 25.7478568950538 25.8121028103582 25.8820453362946 25.9571850840419 26.0369766861984 26.1208379175144 26.2081637369936 26.2983452203174 26.390792483411 26.4849597708274 26.5803701915378 26.6766374022542 26.77350631901 26.8731449044893 26.9758679868508 27.0798949082398 27.1894843925229 27.3096829653515 27.440775642861 27.5813128433388 27.7300567702642 27.8833662262388 28.0027028707699 28.0367100108815 28.0695006030272 28.0997293055408 28.1273614691535 28.1527631478606 28.1756291024162 28.1955960291524 28.2119524420375 28.223972048237 28.2311625311724 28.2330277715469 28.2289788203196
